BidCostStat	2.5
2021-09-22
12507	1412746-580826-0-0	www.litmir.me	0.000008	1	0	0
12513	6557105-250642-0-0	www.finmarket.ru	0.000008	1	0	0
11857	407197-99551-0-0	playboyrussia-com.turbopages.org	0.000008	1	0	0
11864	42813817-276165-0-0	www.znak.com	0.000008	1	0	0
12509	5092869-134625-0-0	echo.msk.ru	0.000008	1	0	0
11858	1800553-387481-0-0	flower.wcb.ru	0.000008	1	0	0
11864	6438395-147023-0-0	news.mail.ru	0.000008	1	0	0
14051	2807743741-2184324946-0-0	capitalgains.ru	0.000493	1	0	0
8623	43484-603049-0-0	start.alawar.ru	0.000413	1	0	0
13257	1-0	dizainexpert.ru	0.000072	1	0	0
11865	89339234-989247-0-0	zdor.businessproperty.ru	0.000008	1	0	0
12507	35316052-516537-0-0	boomie.ru	0.000008	1	0	0
11864	93683367-979907-0-0	aktnews.ru	0.000008	1	0	0
11868	35650980-513061-0-0	ktv-ray.ru	0.000008	1	0	0
11905	426064-26708-0-0	www.gotovim.ru	0.000008	1	0	0
11857	87936520-601046-0-0	www.mamba.ru	0.000008	1	0	0
11864	4624495-130614-0-0	www.vazhno.ru	0.000008	1	0	0
14051	3274576156-4190608258-0-0	www.sports.fr	0.000493	1	0	0
12507	49608361-418964-0-0	1000.menu	0.000008	1	0	0
14051	2807743741-2184324946-0-0	newsiqra.com	0.000493	1	0	0
8623	43724-609637-0-0	profile.ru	0.000413	1	0	0
14051	2712442096-672032183-0-0	z11.kinoxa.win	0.000493	2	0	0
13252	16830-0	aif.ru	0.000008	1	0	0
11777	15740-uyrl7lzet7-0-CodyCross:^20Crossword^20Puzzles	com.fanatee.cody	0.000493	1	0	0
11777	15740-n5b1bvhi7b-0-Tower^20Craft^203D^20-^20Idle^20Block^20Bui	com.quantumgames.skyscraper	0.000493	1	0	0
12507	2050914-567266-0-0	www.tourprom.ru	0.000072	1	0	0
12507	36493473-331594-0-0	konkurent.ru	0.000008	1	0	0
12512	1124250-54642-0-0	au.ru	0.000008	1	0	0
11868	36493473-331594-0-0	konkurent.ru	0.000008	1	0	0
12176	8083-0	com.openmygame.magicwordsearch	0.000493	1	0	0
14051	fa690b06b57e11662924ee737fd4c906-1447133781-0-Drop	1454637812	0.000493	1	0	0
12507	7636277-155044-0-0	ohfashion.ru	0.000008	1	0	0
12513	1913064-81259-0-0	rusradio.ru	0.000072	1	0	0
11865	94194251-1222212-0-0	nertics.ml	0.000008	1	0	0
9866	0-216200-0-0	360tv.ru	0.000072	1	0	0
11868	1180293-56287-0-0	www.kaluga-poisk.ru	0.000008	1	0	0
12512	979409-284786-0-0	shop-lot.ru	0.000008	1	0	0
14051	2712442096-672032183-0-0	coldfilm.biz	0.000493	2	0	0
8623	43724-609637-0-0	prekrasnaja.com	0.000413	1	0	0
12282	103240-34628e9e2593c54e253164b2e2-amedia.online-0	amedia.online	0.000932	1	1	0
11857	7687782-448212-0-0	profile.ru	0.000008	1	0	0
11777	15740-1809938-0-Clockmaker:^20Match^203^20Games!^20Three^20i	com.belkatechnologies.clockmaker	0.000493	1	0	0
9012	42666-624501-0-0	skam.online	0.000061	1	0	0
11858	5092869-134625-0-0	echo.msk.ru	0.000008	1	0	0
12507	1292710-250072-0-0	otzovik.com	0.000008	2	0	0
14051	2712442096-672032183-0-0	ideal-svadba.info	0.000493	1	0	0
11864	6438395-152100-0-0	dom.mail.ru	0.000008	1	0	0
9035	42919-585884-0-0	www.profinance.ru	0.000007	1	0	0
11864	1124250-54642-0-0	au.ru	0.000008	1	0	0
12507	1591201-108029-0-0	fighttime.ru	0.000008	1	0	0
14051	3274576156-4190608258-0-0	www.nexusmods.com	0.000493	2	0	0
13252	15761-0	rg.ru	0.000008	1	0	0
11864	87828462-739756-0-0	blognesco.ru	0.000008	1	0	0
13001	d8f5b86ec12e9b4a418838c167d28c13-23834275cf6a3e9b0	galleries.allover30.com	0.000493	1	0	0
8623	43670-607913-0-0	aze.az	0.000413	1	0	0
11858	87936520-601046-0-0	www.mamba.ru	0.000008	1	0	0
11905	6732883-142543-0-0	base.garant.ru	0.000008	1	0	0
11865	54817670-345976-0-0	wsesw.ru	0.000008	1	0	0
11865	7404181-188552-0-0	masterlomaster.samodelkinoblog.com	0.000008	1	0	0
14051	3274576156-4190608258-0-0	9gag.com	0.000493	1	0	0
11904	90311025-636327-0-0	design-bathroom.ru	0.000008	1	0	0
11777	15740-1622699-0-imo^20free^20video^20calls^20and^20chat	com.imo.android.imoim	0.000493	1	0	0
8623	42565-628369-0-0	mysekret.ru	0.000413	1	0	0
11865	7975544-153745-0-0	tass.ru	0.000072	1	0	0
11909	421377-258196-0-0	b17-ru.turbopages.org	0.000008	1	0	0
12512	800047-595979-0-0	video.sibnet.ru	0.000072	1	0	0
11777	15745-42834cfdfc16eff617777d60a5561c9b-0-imo^20free^20	com.imo.android.imoim	0.000493	1	0	0
12416	0-3205-0-0	nudeof.com	0.000493	1	0	0
8623	43724-609637-0-0	ogorodko.ru	0.000413	1	0	0
12507	1431309-188212-0-0	fbm.ru	0.000072	1	0	0
14051	2712442096-672032183-0-0	date.bluesystem.top	0.000493	1	0	0
12176	8083-0	com.openmygame.games.android.wordsearchsea	0.000493	1	0	0
12507	65101275-575586-0-0	ngs.ru	0.000008	2	0	0
12507	56291972-380221-0-0	moskvichmag-ru.turbopages.org	0.000008	2	0	0
12507	1801033-247350-0-0	mangalib.me	0.000008	1	0	0
12507	2239710-246680-0-0	vyborok.com	0.000008	1	0	0
9012	42617-606792-0-0	rossaprimavera.ru	0.000061	2	0	0
12176	18537-0	tvrf.online	0.000493	1	0	0
12507	94450274-1244462-0-0	kinobucks.ru	0.000008	2	0	0
14057	42617-606792-0-0	rossaprimavera.ru	0.000072	1	0	0
12507	91778783-699695-0-0	beerhead--bar-ru.turbopages.org	0.000008	1	0	0
9864	0-216200-0-0	m.7days.ru	0.000072	1	0	0
11909	1818286-494149-0-0	sovet-ingenera.com	0.000008	1	0	0
10009	21fee56a7508a045067e16181bb7cc2c-e4a26f930c0db018d	animeonline.cc	0.000072	1	0	0
11865	464925-225361-0-0	nanegative.ru	0.000008	1	0	0
11909	93335226-830873-0-0	www.eg.ru	0.000072	2	0	0
8623	43781-612212-0-0	www.ntv.ru	0.000413	1	0	0
8623	44026-620270-0-0	com.time.trigger	0.000413	1	0	0
12512	51898059-1263934-0-0	podborkino.com	0.000008	2	0	0
11909	2208435-115208-0-0	03online.com	0.000008	1	0	0
14051	2712442096-672032183-0-0	techcrunchh.ml	0.000493	1	0	0
12176	18537-0	tonnasamogona.ru	0.000493	1	0	0
9866	0-216200-0-0	www.lentainform.com	0.000072	2	0	0
14051	2807743741-2184324946-0-0	my-books.me	0.000493	1	0	0
12507	58546149-395934-0-0	mir-knig.com	0.000008	1	0	0
9865	0-219659-0-0	animeonline.cc	0.000072	1	0	0
12507	3770863-111361-0-0	1000bankov.ru	0.000008	1	0	0
12509	65949452-746695-0-0	amedia.online	0.000008	1	0	0
11858	528977-35353-0-0	www.stihi-rus.ru	0.000008	1	0	0
12416	0-27991-0-0	-	0.000493	1	0	0
11868	897669-56459-0-0	pikabu.ru	0.000008	3	0	0
14051	2712442096-672032183-0-0	www.smuttymoms.com	0.000493	1	0	0
11858	1718328-141569-0-0	cont.ws	0.000008	1	0	0
11909	509629-196263-0-0	rg.ru	0.000008	1	0	0
11865	45469338-443378-0-0	oschadbank-inform.com.ua	0.000008	1	0	0
14051	3503391003-816109737-0-0	skam.online	0.000493	1	0	0
9866	0-216200-0-0	m.7days.ru	0.000072	2	0	0
9013	42917-616717-0-0	turkcinema.org	0.000061	1	0	0
11904	3281497-136716-0-0	m.sport-express.ru	0.000072	2	0	0
14051	2777489801-3345657932-0-0	sverhestestvennoe.vip	0.000493	1	0	0
11777	15740-1644011-0-imo^20free^20video^20calls^20and^20chat	com.imo.android.imoim	0.000493	20	0	0
11777	8881-576810-0-seriahd.tv	seriahd.tv	0.000574	2	0	0
12507	94450274-1248247-0-0	mobilych.com.ua	0.000008	7	0	0
11909	6438395-457268-0-0	youla.ru	0.000008	2	0	0
11777	15740-pnq2ljb5qi-0-Tap^20Away	com.jctswbglsm.swipeaway	0.000493	1	0	0
11777	8881-576810-0-seriahd.tv	seriahd.tv	0.000701	1	2	0
13001	d8f5b86ec12e9b4a418838c167d28c13-23834275cf6a3e9b0	amedia.online	0.000493	3	0	0
11909	1560494-344709-0-0	www.gazeta.ru	0.000008	1	0	0
11904	48821797-320410-0-0	bogorodsk.gde.ru	0.000008	1	0	0
14051	2730780382-1533369812-0-0	baikal24.ru	0.000493	1	0	0
12507	31288308-214714-0-0	magya-online.ru	0.000008	2	0	0
11909	1442126-78277-0-0	mistika-xyz.turbopages.org	0.000008	1	0	0
11865	38638301-291580-0-0	www.tarbie.kz	0.000008	1	0	0
11858	5768415-265648-0-0	infopro54.ru	0.000008	1	0	0
12512	71813031-490450-0-0	www.gismeteo.ru	0.000008	2	0	0
8623	43092-604454-0-0	adme.ru	0.000413	4	0	0
11909	91159049-655744-0-0	remanga.org	0.000008	1	0	0
12416	0-27991-0-0	-	0.000617	0	1	0
13257	6598-0	www.u-mama.ru	0.000008	1	0	0
13001	7a3d0fac0b76dbf6dff4ae3eb0e0f2f5-9d095588ce2f174b1	amedia.online	0.000574	10	0	0
12507	1801033-247350-0-0	mangalib.me	0.000072	4	0	0
11777	15740-1894655-0-Cartoon^20cat^20-^20Hop^20round^20tiles^20edm^20	com.callfrom.cartooncat.songs.edmrushball	0.000493	1	0	0
11905	2112549-91685-0-0	mirtesen.ru	0.000008	5	0	0
11865	7358598-185491-0-0	o-dveryah.ru	0.000008	1	0	0
11904	2239710-346458-0-0	yanashla.com	0.000008	1	0	0
14051	816698975-3914792418-0-0	kiaekb.ru	0.000493	1	0	0
11908	8282009-159294-0-0	vk.com	0.000008	1	0	0
13251	8995-0	www.rbc.ru	0.000008	1	0	0
11858	54689608-349697-0-0	design-homes.ru	0.000008	2	0	0
11858	51898059-738543-0-0	amedia.online	0.000008	7	0	0
12507	48537776-547400-0-0	jut.su	0.000072	1	0	0
14051	3829146956-817275586-0-0	amedia.online	0.000574	1	0	0
9866	0-219659-0-0	ofigenno.com	0.000072	1	0	0
14051	2712442096-672032183-0-0	radi0.online	0.000493	1	0	0
11865	46806-7196-0-0	www.native-english.ru	0.000008	1	0	0
11905	2251717-805731-0-0	vseomusore.com	0.000008	1	0	0
9012	43650-609027-0-0	klops.ru	0.000061	1	0	0
12507	46806-7196-0-0	www.native-english.ru	0.000008	1	0	0
14051	1263803761-1263803761-amedia.online-0	amedia.online	0.000574	6	0	0
12507	18373836-497966-0-0	cabinet-bank.ru	0.000008	1	0	0
12507	1322075-70350-0-0	fb-ru.turbopages.org	0.000008	2	0	0
14051	2712442096-672032183-0-0	cardiobook.ru	0.000493	1	0	0
14051	2712442096-672032183-0-0	ad-online.lordfilms-s.biz	0.000493	12	0	0
11864	6438395-147024-0-0	horo.mail.ru	0.000008	1	0	0
14051	2712442096-672032183-0-0	admerus.blogspot.com	0.000493	1	0	0
11858	1124250-54642-0-0	au.ru	0.000008	1	0	0
11865	94194251-1222132-0-0	loventy.ml	0.000008	1	0	0
14051	2712442096-672032183-0-0	ds-id.101xp.com	0.000493	3	0	0
14051	2712442096-672032183-0-0	filmplace.ru	0.000493	4	0	0
11777	15740-l6qyierpc0-0-Mahjong^20Match^20Puzzle	com.mobirix.mahjongking2	0.000493	1	0	0
13001	fa690b06b57e11662924ee737fd4c906-1da0bb22bb9527146	com.imo.android.imoimbeta	0.000493	1	0	0
13252	14312-0	hh.ru	0.000008	1	0	0
13252	8995-0	pulse.mail.ru	0.000008	1	0	0
11865	93547635-1282495-0-0	samelectrik.ru	0.000008	1	0	0
12507	1190468-251722-0-0	belgorod-nedvizhimost.ru	0.000008	1	0	0
11865	94346353-1232639-0-0	nauka.club	0.000072	2	0	0
8623	43724-609637-0-0	cookba.ru	0.000413	2	0	0
12507	7687782-448212-0-0	profile.ru	0.000008	3	0	0
12416	0-27991-0-0	porno-suchek.com	0.000493	1	0	0
11865	92576835-1250314-0-0	arewertisd.gq	0.000008	1	0	0
14051	2712442096-672032183-0-0	profi-sk.ru	0.000493	1	0	0
12507	93736421-989341-0-0	kulinarenok.ru	0.000008	2	0	0
11777	15740-1831556-0-Tapatalk^20-^20200,000+^20Forums	com.quoord.tapatalkpro.activity	0.000493	1	0	0
11909	6438395-353890-0-0	tv.mail.ru	0.000008	1	0	0
12282	103240-34628e9e2593c54e253164b2e2-amedia.online-0	amedia.online	0.000475	3	0	0
11777	15740-ed7f202a36aede5deb912fe87fc301fc-0-0	com.imo.android.imoim	0.000493	3	0	0
14051	2712442096-672032183-0-0	fungames.lymini.com	0.000493	1	0	0
11857	34351736-489848-0-0	best-rupesni.com	0.000008	1	0	0
11865	93335226-830873-0-0	www.eg.ru	0.000008	2	0	0
12507	91624402-735164-0-0	day.ru	0.000008	3	0	0
12507	2412782-419507-0-0	m.avito.ru	0.000008	27	0	0
11909	87791944-598550-0-0	septik.guru	0.000008	1	0	0
11857	31734734-354099-0-0	m.tabor.ru	0.000008	1	0	0
11865	1081359-59337-0-0	culturavrn.ru	0.000008	1	0	0
14051	2730780382-953979163-0-0	vesma.today	0.000493	2	0	0
11777	8766-19589-0-seriahd.tv	seriahd.tv	0.000574	12	0	0
14051	3493862645-3980546272-0-0	nanoreview.net	0.000493	1	0	0
14051	2807743741-2184324946-0-0	www.sports.fr	0.000493	1	0	0
14051	1254305549-3099007808-0-0	nanoreview.net	0.000493	2	0	0
11777	15740-1421826-0-ASKfm^20-^20ASK.CHAT.REPEAT.^20Anonymous	com.askfm	0.000493	1	0	0
11904	5510286-138138-0-0	razlozhi.ru	0.000008	2	0	0
12507	64173066-443007-0-0	radiokp.ru	0.000008	4	0	0
11777	15740-1980828-0-Dancing^20Race	com.amanotes.jumping.man	0.000493	1	0	0
8623	43724-609637-0-0	newsiqra.com	0.000413	2	0	0
11777	15740-62-0-0	com.imo.android.imoim	0.000493	11	0	0
14051	667365501-3589595483-0-0	kompravda.ru	0.000493	1	0	0
14051	3228644433-1342245803-0-0	kurer-sreda.ru	0.000493	1	0	0
11865	91778991-1241225-0-0	expertlesnn.ru	0.000008	1	0	0
10208	3938cf97ea84e2a9485f979e908bda87-be42ed724014c720b	www.yaplakal.com	0.000008	1	0	0
11868	91864171-705182-0-0	smotrim.ru	0.000008	1	0	0
8623	43724-609637-0-0	www.cxyzjd.com	0.000413	1	0	0
14051	2712442096-672032183-0-0	tugantel25.ru	0.000493	4	0	0
13001	bf13a57b5b933c842544d8061a2921c7-c928742493d3874fe	amedia.online	0.000617	0	1	0
11857	1180293-56287-0-0	www.kaluga-poisk.ru	0.000008	1	0	0
12512	4624495-130614-0-0	www.vazhno.ru	0.000008	1	0	0
12507	42813817-276165-0-0	www.znak.com	0.000008	3	0	0
11868	51898059-1263934-0-0	podborkino.com	0.000008	1	0	0
11865	6557105-250544-0-0	www.interfax.ru	0.000008	1	0	0
11777	8881-576810-0-mega-mult.ru	mega-mult.ru	0.000574	1	0	0
14051	2712442096-672032183-0-0	xxupdatemovies.com	0.000493	1	0	0
14051	2712442096-672032183-0-0	geekcity.ru	0.000493	5	0	0
12509	6746465-142629-0-0	hh.ru	0.000008	1	0	0
12507	9019512-164127-0-0	fireman.club	0.000072	1	0	0
11865	8562776-753413-0-0	nsn.fm	0.000008	2	0	0
14051	3274576156-4190608258-0-0	www.tutorialspoint.com	0.000493	2	0	0
11777	15740-1645178-0-imo^20beta^20free^20calls^20and^20text	com.imo.android.imoimbeta	0.000493	9	1	0
12416	0-4099-0-0	-	0.000771	1	1	0
12509	89976696-630193-0-0	overclockers.ru	0.000008	1	0	0
11865	92093171-1247033-0-0	afirturn.ml	0.000008	1	0	0
11868	897808-138129-0-0	aif.ru	0.000008	1	0	0
11865	2412782-419506-0-0	www.avito.ru	0.000008	25	0	0
11865	54689608-349697-0-0	design-homes.ru	0.000008	1	0	0
14051	2712442096-672032183-0-0	konigsberg.ru	0.000493	2	0	0
11777	8766-19589-0-simpsons.fox-fan.tv	simpsons.fox-fan.tv	0.000701	1	1	0
14051	2712442096-672032183-0-0	lapkins.ru	0.000493	3	0	0
12512	55941634-644597-0-0	adobeuroki.ru	0.000008	1	0	0
12507	3223322-444768-0-0	o--vode-net.turbopages.org	0.000008	1	0	0
11857	464493-142053-0-0	www.mamba.ru	0.000008	2	0	0
13001	773fb19d24da143aeb02a7f746ea43db-773fb19d24da143ae	www.amic.ru	0.000493	3	0	0
8623	42919-585884-0-0	ad-online.lordfilms-s.biz	0.000413	2	0	0
11865	91778991-710420-0-0	380-electro.ru	0.000008	1	0	0
13001	bf13a57b5b933c842544d8061a2921c7-c928742493d3874fe	amedia.online	0.000574	5	0	0
14051	2556903250-4176228025-0-0	www.yaplakal.com	0.000493	6	0	0
11858	2412782-419506-0-0	www.avito.ru	0.000008	20	0	0
12507	88483565-613564-0-0	repaireasily.ru	0.000008	1	0	0
14051	2712442096-672032183-0-0	www.bolshoyvopros.ru	0.000493	3	0	0
12507	36493473-331129-0-0	primpress.ru	0.000008	1	0	0
11865	89459135-683158-0-0	greenparkomsk.ru	0.000008	2	0	0
11865	61554-46902-0-0	kulturologia.ru	0.000008	1	0	0
14056	0-216200-0-0	trinixy.ru	0.000072	1	0	0
14051	1254305549-3099007808-0-0	imgbin.com	0.000493	2	0	0
14051	2730780382-3179529298-0-0	avtika.ru	0.000493	1	0	0
12176	15497-0	howto-news.info	0.000493	1	0	0
12512	2299740-135050-0-0	www.slamdunk.ru	0.000008	1	0	0
11857	5092531-223754-0-0	m.ura.news	0.000008	2	0	0
9012	41316-586119-0-0	m.7days.ru	0.000061	1	0	0
14051	3274576156-4190608258-0-0	merojax.me	0.000493	1	0	0
11904	426064-26708-0-0	www.gotovim.ru	0.000008	1	0	0
14051	d47cba98195ebfe6fb26fbe67ff7b046-3565905873-0-0	com.imo.android.imoim	0.000493	32	0	0
11857	7802387-196819-0-0	lets-play.by	0.000008	1	0	0
14051	3274576156-4190608258-0-0	tvtropes.org	0.000493	1	0	0
11905	1718328-141569-0-0	cont.ws	0.000008	1	0	0
11865	33253495-476389-0-0	gscomplect.com	0.000008	1	0	0
11857	65101275-447162-0-0	www.fontanka.ru	0.000008	2	0	0
12507	1815196-94023-0-0	poncy.ru	0.000008	1	0	0
11868	37959355-644392-0-0	krovgid.com	0.000008	2	0	0
12507	3293020-125354-0-0	goodhouse-ru.turbopages.org	0.000008	1	0	0
12507	7687782-448212-0-0	profile.ru	0.000072	1	0	0
11777	8881-576810-0-turkseria.tv	turkseria.tv	0.000709	0	2	0
11777	15740-1698097-0-imo^20video^20calls^20and^20chat	336435697	0.000493	2	0	0
11868	1412746-580826-0-0	www.litmir.me	0.000008	2	0	0
14051	fa690b06b57e11662924ee737fd4c906-2465437248-0-imo^20	com.imo.android.imoimbeta	0.000493	24	0	0
14051	fa690b06b57e11662924ee737fd4c906-3092241729-0-imo^20	com.imo.android.imoimhd	0.000493	7	0	0
12509	7762060-209389-0-0	fclmnews.ru	0.000008	1	0	0
11905	3831232-779806-0-0	magnitiza.ru	0.000008	1	0	0
9866	0-216200-0-0	www.tourprom.ru	0.000072	1	0	0
12507	9612769-384497-0-0	derevyannie-doma.com	0.000008	2	0	0
12509	73818243-504509-0-0	pcpro100.info	0.000072	1	0	0
11909	90720690-643887-0-0	mir-knig.com	0.000008	1	0	0
14051	2730780382-818346909-0-0	www.romanticcollection.ru	0.000493	1	0	0
12416	0-27991-0-0	incest-onlain.info	0.000617	0	1	0
11777	15740-1805438-0-Critical^20Action^20-^20TPS^20Global^20Offen	com.criticalstrike.globaloffensive.cs	0.000493	1	0	0
12507	2412782-419506-0-0	www.avito.ru	0.000008	8	0	0
12507	6649159-143955-0-0	yasnonews-ru.turbopages.org	0.000008	1	0	0
14051	3503391003-816109737-0-0	skam.online	0.000522	0	1	0
13001	7a3d0fac0b76dbf6dff4ae3eb0e0f2f5-7a3d0fac0b76dbf6d	amedia.online	0.000718	0	1	0
13685	42917-612242-0-0	www.om1.ru	0.000061	1	0	0
14051	1254305549-3099007808-0-0	www.laravelcode.com	0.000493	1	0	0
11777	15745-576550-0-amedia.online	amedia.online	0.000574	2	0	0
11865	407197-196583-0-0	www.ivd.ru	0.000008	1	0	0
11857	36493473-331594-0-0	konkurent.ru	0.000008	1	0	0
14051	2730780382-358072919-0-0	protransport.msk.ru	0.000493	1	0	0
12507	489989-27059-0-0	family.ru	0.000008	1	0	0
12176	8083-0	com.ibragunduz.applockpro	0.000493	3	0	0
12507	6734741-154950-0-0	drive2-ru.turbopages.org	0.000008	1	0	0
12507	1033443-116359-0-0	kakzdravie.com	0.000008	1	0	0
13001	6f2e8e4938836346ea96fcf534959946-3195d9a498f8f9e0c	1251790681	0.000603	0	1	0
12513	65101275-447180-0-0	pogoda.e1.ru	0.000008	1	0	0
13001	d8f5b86ec12e9b4a418838c167d28c13-23834275cf6a3e9b0	houseserial.ru	0.000493	1	0	0
12282	103240-34628e9e2593c54e253164b2e2-amedia.online-0	amedia.online	0.000617	0	1	0
11857	4364556-129364-0-0	podolsk.qp.ru	0.000008	1	0	0
11865	91411553-671414-0-0	intrigue.dating	0.000008	1	0	0
11865	51898059-1263934-0-0	podborkino.com	0.000008	1	0	0
14051	3c1012fa5deecb8a8145d87ad1b3854b-1575578435-0-Bric	com.mobirix.swipebrick2	0.000493	1	0	0
11909	8153363-187978-0-0	foodandhealth-ru.turbopages.org	0.000008	1	0	0
14051	2712442096-672032183-0-0	waifu2x.udp.jp	0.000493	1	0	0
12509	65949452-1215721-0-0	www.tourprom.ru	0.000008	1	0	0
13252	40137-0	m.ura.news	0.000008	1	0	0
12176	15672-0	iz.ru	0.000493	2	0	0
12507	91159049-655744-0-0	remanga.org	0.000008	2	0	0
12509	94959568-1281606-0-0	timnews.ru	0.000008	3	0	0
12803	0-222025-0-0	sunhome.ru	0.000574	3	0	0
11777	8881-576810-0-dh-online.ru	dh-online.ru	0.000574	2	0	0
12176	15672-0	ctc.ru	0.000574	1	0	0
12507	54613514-398276-0-0	evrabota.blogspot.com	0.000008	1	0	0
11864	6438395-147025-0-0	my.mail.ru	0.000008	1	0	0
12507	3223322-731820-0-0	mebel-expert.info	0.000008	1	0	0
11904	2534336-247102-0-0	bizneszarabotok.ru	0.000008	1	0	0
13252	1398-0	m.avito.ru	0.000008	2	0	0
11777	15740-1843679-0-Hornet^20-^20Queer^20Social^20Network	com.hornet.android	0.000493	2	0	0
11858	7970387-160623-0-0	podolskriamo.ru	0.000008	1	0	0
14051	fa690b06b57e11662924ee737fd4c906-521540804-0-imo^20f	com.imo.android.imoim	0.000493	59	0	0
13001	d8f5b86ec12e9b4a418838c167d28c13-23834275cf6a3e9b0	www.sobytie.net	0.000493	1	0	0
11777	8881-576810-0-seriahd.tv	seriahd.tv	0.000706	1	1	0
11904	3281497-136716-0-0	m.sport-express.ru	0.000008	3	0	0
11909	65101275-578759-0-0	www.marieclaire.ru	0.000008	2	0	0
11904	13042165-179609-0-0	greensector.ru	0.000008	1	0	0
12507	2268602-102464-0-0	hi--news-ru.turbopages.org	0.000008	3	0	0
12513	70390261-778636-0-0	onlinetv.one	0.000008	2	0	0
11904	10906108-175361-0-0	www.eastrussia.ru	0.000008	1	0	0
11904	90990729-649730-0-0	razvitie-vospitanie.ru	0.000008	1	0	0
12509	65949452-563305-0-0	www.kp.ru	0.000008	1	0	0
14051	1263803761-1263803761-amedia.online-0	amedia.online	0.000616	0	1	0
11864	502769-139701-0-0	vashgorod.ru	0.000008	1	0	0
14051	2712442096-672032183-0-0	portable-rus.ru	0.000493	3	0	0
14051	2807743741-2184324946-0-0	news.am	0.000493	1	0	0
8623	42919-585884-0-0	amedia.online	0.000481	1	0	0
14051	fa690b06b57e11662924ee737fd4c906-2851514478-0-Like	video.like.lite	0.000493	4	0	0
12507	93918555-994490-0-0	kurjer-info.turbopages.org	0.000008	2	0	0
14051	fa690b06b57e11662924ee737fd4c906-1181207083-0-Idle	com.fluffyfairygames.idleminertycoon	0.000493	1	0	0
8623	42919-585884-0-0	amedia.online	0.000413	2	0	0
12507	4140396-623836-0-0	m.newkaliningrad.ru	0.000008	1	0	0
11909	3804473-242467-0-0	kak-popolnit.ru	0.000008	1	0	0
11865	94346353-1232639-0-0	nauka.club	0.000008	2	0	0
11865	51898059-1273906-0-0	remont-book.com	0.000008	2	0	0
11777	15740-1670567-0-imo^20HD-Free^20Video^20Calls^20and^20Chats	com.imo.android.imoimhd	0.000493	2	0	0
14051	fa690b06b57e11662924ee737fd4c906-1887377298-0-imo^20	336435697	0.000493	2	0	0
11857	7295714-153743-0-0	russian.rt.com	0.000072	2	0	0
14051	3493862645-3980546272-0-0	merojax.me	0.000493	1	0	0
11865	41795496-272575-0-0	zhurnal-lady.com	0.000008	1	0	0
9012	36392-475082-0-0	teleprogramma.pro	0.000061	1	0	0
11905	9019512-164127-0-0	fireman.club	0.000072	1	0	0
12509	65949452-453595-0-0	rg.ru	0.000008	1	0	0
14051	2807743741-2184324946-0-0	travesiapirenaica.com	0.000493	5	0	0
14051	2225535104-1090627703-0-0	gamesmark.pro	0.000493	1	0	0
11868	2412782-419507-0-0	m.avito.ru	0.000008	28	0	0
11858	1428778-62775-0-0	forum.littleone.ru	0.000008	1	0	0
12507	94624243-1256506-0-0	top10a.ru	0.000008	1	0	0
11865	1292710-250072-0-0	otzovik.com	0.000008	1	0	0
9012	42565-625083-0-0	www.eg.ru	0.000061	1	0	0
12176	8083-0	com.openmygame.games.android.wordsearchsea	0.000574	1	0	0
12507	87921446-600895-0-0	domprivorotov.ru	0.000008	1	0	0
13001	187a7bbcaf82d357f1e653f55c4bb8c8-187a7bbcaf82d357f	ytro.news	0.000493	1	0	0
11864	11393977-175920-0-0	newslab.ru	0.000008	1	0	0
12507	33397807-242671-0-0	tsargrad-tv.turbopages.org	0.000008	2	0	0
10208	10-844-0-0	otvertka.space	0.000008	2	0	0
11865	91774418-1243659-0-0	xn----7sbwbcbjfdeojf4c1a8d.xn--p1ai	0.000008	1	0	0
14051	3228644433-1342245803-0-0	www.tipsandtricks.ru	0.000493	1	0	0
11904	73222433-496671-0-0	d3.ru	0.000008	1	0	0
13001	7a3d0fac0b76dbf6dff4ae3eb0e0f2f5-7a3d0fac0b76dbf6d	amedia.online	0.000493	21	0	0
14051	2712442096-672032183-0-0	www.goldmilf.com	0.000493	5	0	0
9866	0-219659-0-0	teleprogramma.pro	0.000072	2	0	0
14051	2712442096-672032183-0-0	www.consultant.ru	0.000493	7	0	0
11865	1560494-82775-0-0	images.rambler.ru	0.000008	2	0	0
14051	1263803761-1263803761-amedia.online-0	amedia.online	0.000493	1	0	0
12282	103240-34628e9e2593c54e253164b2e2-amedia.online-0	amedia.online	0.000553	3	0	0
8623	43670-607913-0-0	www.rap.ru	0.000413	2	0	0
14051	2712442096-672032183-0-0	www.autotrust-opt.ru	0.000493	1	0	0
12512	49623587-700970-0-0	www.antik-forum.ru	0.000008	1	0	0
12507	407197-141296-0-0	ichip.ru	0.000008	2	0	0
14051	1513627828-2134759907-0-0	news-game.ru	0.000493	1	0	0
14051	3274576156-4190608258-0-0	poki.com	0.000493	1	0	0
12507	42813817-276165-0-0	znak-com.turbopages.org	0.000008	1	0	0
14123	16291-34558-0-0	-	0.000493	1	0	0
11865	310956-736778-0-0	designmyhome.ru	0.000008	1	0	0
12507	91624402-706089-0-0	blitz.plus	0.000008	3	0	0
11868	1412746-1258509-0-0	www.litmir.me	0.000008	1	0	0
11909	7687782-448212-0-0	profile.ru	0.000072	1	0	0
9864	0-216200-0-0	www.eg.ru	0.000072	1	0	0
8669	b2ebca6eba370ba3ec81c0c930b1fa58-d182116b74bc77bc1	animestars.org	0.000072	1	0	0
11868	8562776-753104-0-0	www.inmyroom.ru	0.000008	1	0	0
8623	43724-609637-0-0	travesiapirenaica.com	0.000413	2	0	0
14051	2712442096-672032183-0-0	www.bar-par.ru	0.000493	1	0	0
14051	2712442096-1110806466-0-0	onli-vk.ru	0.000493	2	0	0
14056	0-216200-0-0	360tv.ru	0.000072	1	0	0
13249	8995-0	ohranatruda.ru	0.000008	1	0	0
11865	30570339-692376-0-0	www.business.ru	0.000008	1	0	0
11865	91774418-710347-0-0	paes250.ru	0.000008	2	0	0
13001	7a3d0fac0b76dbf6dff4ae3eb0e0f2f5-7a3d0fac0b76dbf6d	amedia.online	0.000574	44	0	0
11857	87936520-601046-0-0	love.mail.ru	0.000008	1	0	0
13001	d8f5b86ec12e9b4a418838c167d28c13-23834275cf6a3e9b0	filmplace.ru	0.000493	4	0	0
13001	598e0fa08066ad9a3882e4b20590f883-c928742493d3874fe	amedia.online	0.000574	4	0	0
11865	458232-382315-0-0	myauto.jofo.me	0.000008	1	0	0
11904	475686-728766-0-0	amedia.online	0.000008	1	0	0
11857	56057823-357235-0-0	miryogi.com	0.000008	1	0	0
11909	1560494-348677-0-0	oleg-aliyev.livejournal.com	0.000072	1	0	0
11857	51468706-330066-0-0	m.vz.ru	0.000008	1	0	0
11909	1432019-400402-0-0	www.glaz.tv	0.000072	1	0	0
11777	8766-19589-0-turkseria.tv	turkseria.tv	0.000574	4	0	0
11864	65101275-575586-0-0	ngs.ru	0.000008	1	0	0
11864	65101275-447180-0-0	pogoda.e1.ru	0.000008	1	0	0
11909	33662969-233503-0-0	m.novgorod.ru	0.000008	1	0	0
11858	7404181-188552-0-0	masterlomaster.samodelkinoblog.com	0.000008	1	0	0
13001	d8f5b86ec12e9b4a418838c167d28c13-23834275cf6a3e9b0	online.anidub.com	0.000493	2	0	0
13001	c432c10681e6e7631dd88fa1b4e5d67b-e700d661e9f81ed1a	bookitut.ru	0.000493	1	0	0
14051	2712442096-672032183-0-0	tolkorus.info	0.000493	5	0	0
11868	71813031-545728-0-0	www.gismeteo.ru	0.000008	4	0	0
12176	18537-0	mama66.ru	0.000493	2	0	0
11909	93836300-1210014-0-0	www.bolshoyvopros.ru	0.000008	3	0	0
8623	43670-607913-0-0	game.gamessumo.com	0.000413	1	0	0
13001	fa690b06b57e11662924ee737fd4c906-42834cfdfc16eff61	com.imo.android.imoim	0.000493	2	0	0
14051	2730780382-2578576837-0-0	knigi-audio.com	0.000493	1	0	0
11864	6438395-248298-0-0	youla.ru	0.000008	1	0	0
11858	7735011-150443-0-0	www.medlinks.ru	0.000008	1	0	0
11857	1560494-348664-0-0	lenta-ru.turbopages.org	0.000008	1	0	0
11860	5706550-281826-0-0	ren.tv	0.000072	1	0	0
12378	43092-604454-0-0	valheim.fandom.com	0.000061	2	0	0
14051	3493862645-3980546272-0-0	boxnovel.com	0.000493	1	0	0
11858	93178036-774550-0-0	knijky.ru	0.000008	1	0	0
12507	65101275-578603-0-0	www.fontanka.ru	0.000008	3	0	0
12512	3148565-117598-0-0	forum.vsalde.ru	0.000008	2	0	0
14051	2730780382-1395295250-0-0	ecoportal.info	0.000493	2	0	0
11858	93056858-757385-0-0	synapsenet.ru	0.000008	1	0	0
12507	9612769-351529-0-0	ipotekapro.com	0.000008	1	0	0
11865	89459135-727907-0-0	teplores.ru	0.000008	1	0	0
11777	15740-1810756-0-Tiles^20Hop:^20EDM^20Rush!	com.amanotes.beathopper	0.000493	3	0	0
11777	15740-1677251-0-Match^203D	1502447854	0.000493	1	0	0
12176	15497-0	www.gorodche.ru	0.000493	1	0	0
11858	92453275-732287-0-0	11novosti.ru	0.000008	1	0	0
14051	2712442096-672032183-0-0	radugadetstva.by	0.000493	2	0	0
12509	32223660-292996-0-0	osvescheniepro.com	0.000008	1	0	0
11865	7773941-248953-0-0	stroim21.ru	0.000008	1	0	0
13751	1dede33b-462b-4625-af5b-3988653b2088-5C41C1AB-0817	www.mk.ru	0.000063	1	0	0
12507	36882225-1243602-0-0	ru.abcdef.wiki	0.000008	1	0	0
14051	fa690b06b57e11662924ee737fd4c906-4019776392-0-Pop^20	1570752538	0.000493	1	0	0
8623	42565-624896-0-0	www.allmmorpg.ru	0.000413	1	0	0
8623	43724-609637-0-0	russianblogs.com	0.000413	1	0	0
14051	2807743741-2184324946-0-0	perevod-pesen.com	0.000493	1	0	0
8623	42919-585884-0-0	start.alawar.ru	0.000413	1	0	0
11909	8871624-189725-0-0	pluggedin.ru	0.000008	1	0	0
11857	1560494-403965-0-0	quto-ru.turbopages.org	0.000008	1	0	0
11868	915412-108160-0-0	1prime.ru	0.000008	1	0	0
12507	18373836-575903-0-0	royallib.com	0.000008	1	0	0
13001	bf13a57b5b933c842544d8061a2921c7-c928742493d3874fe	rureporter.com	0.000493	1	0	0
12507	489104-59468-0-0	irecommend.ru	0.000008	1	0	0
11865	3293020-125354-0-0	www.goodhouse.ru	0.000008	1	0	0
14051	2730780382-2042320474-0-0	fightnews.info	0.000493	2	0	0
11909	6438395-353925-0-0	hi-tech.mail.ru	0.000008	1	0	0
12176	7579-0	com.imo.android.imoim	0.000493	4	0	0
14056	0-216200-0-0	teleprogramma.pro	0.000072	3	0	0
14051	2712442096-672032183-0-0	animeonline.cc	0.000493	1	0	0
14051	3c1012fa5deecb8a8145d87ad1b3854b-2249032746-0-Worm	net.elyland.wormaxio	0.000493	1	0	0
11909	6438395-353887-0-0	otvet.mail.ru	0.000008	2	0	0
11865	92863166-750476-0-0	www.litlib.net	0.000008	1	0	0
11909	52754553-334303-0-0	gazeta.a42.ru	0.000008	1	0	0
14003	15737-576542-0-video.sibnet.ru	video.sibnet.ru	0.000072	1	0	0
12513	2390032-357688-0-0	www.msn.com	0.000008	1	0	0
12507	1081974-53448-0-0	5koleso.ru	0.000008	1	0	0
13001	3c1012fa5deecb8a8145d87ad1b3854b-5238b88999f15bda7	com.jakpok.casesimulator	0.000493	1	0	0
11909	7636277-155044-0-0	ohfashion.ru	0.000008	1	0	0
8623	42919-585884-0-0	s-otvet.ru	0.000413	1	0	0
12507	3516547-124081-0-0	comfort--myhouse-ru.turbopages.org	0.000008	2	0	0
11777	15740-9x556jyjzs-0-Parking^20Jam^203D	com.lszenlamzr.parkingjam	0.000493	1	0	0
8623	43724-609637-0-0	com.ninegag.android.app	0.000413	1	0	0
11857	93718547-983427-0-0	ladyeve.ru	0.000008	1	0	0
12367	0-216200-0-0	tass.ru	0.000072	1	0	0
14057	35253-620156-0-0	doctorpiter.ru	0.000072	1	0	0
14051	2730780382-904561540-0-0	knigkindom.ru	0.000493	1	0	0
12513	498578-26254-0-0	www.dv.kp.ru	0.000008	1	0	0
11909	56663774-602227-0-0	m.7days.ru	0.000008	1	0	0
11864	6557105-250544-0-0	www.interfax.ru	0.000008	1	0	0
14051	2712442096-672032183-0-0	businessolog.ru	0.000493	3	0	0
13001	bf13a57b5b933c842544d8061a2921c7-c928742493d3874fe	amedia.online	0.000493	2	0	0
11909	34181456-705800-0-0	nikastroy.ru	0.000008	1	0	0
11868	27064358-192495-0-0	pravoved.ru	0.000008	6	0	0
8623	43484-603049-0-0	ad-online.lordfilms-s.biz	0.000413	1	0	0
14051	1263803761-1263803761-amedia.online-0	amedia.online	0.000836	1	1	0
12282	103240-34628e9e2593c54e253164b2e2-amedia.online-0	amedia.online	0.000718	0	2	0
14051	2129643511-896747705-0-0	torrent-profi.org	0.000653	1	1	0
11904	92386429-1241104-0-0	tvrf.city	0.000008	1	0	0
11865	7970387-160623-0-0	podolskriamo.ru	0.000008	1	0	0
11868	65949452-453595-0-0	rg.ru	0.000008	1	0	0
14051	2807743741-2184324946-0-0	vesma.today	0.000493	1	0	0
14051	2807743741-2184324946-0-0	prekrasnaja.com	0.000493	1	0	0
12507	65101275-579434-0-0	www.elledecoration.ru	0.000008	2	0	0
14051	2712442096-672032183-0-0	indi1.top	0.000493	3	0	0
14051	1263803761-1263803761-amedia.online-0	amedia.online	0.000717	0	1	0
11909	874982-46249-0-0	svpressa.ru	0.000008	1	0	0
14051	2712442096-672032183-0-0	bombler.ru	0.000493	2	0	0
11868	34915964-244880-0-0	graziamagazine-ru.turbopages.org	0.000008	1	0	0
13001	b856aba4ff576e7058d41803ffed55e6-b856aba4ff576e705	gdz-raketa.ru	0.000771	1	1	0
11905	2112549-91685-0-0	moscow-piter.mirtesen.ru	0.000008	2	0	0
13001	c432c10681e6e7631dd88fa1b4e5d67b-e700d661e9f81ed1a	xn--8-8sb3ae5aa.xn--p1ai	0.000493	1	0	0
11857	42813817-276165-0-0	www.znak.com	0.000008	1	0	0
11868	18373836-407993-0-0	www.u-mama.ru	0.000008	1	0	0
12507	31979275-381544-0-0	exkavatori-exmash.ru	0.000008	1	0	0
14051	fa690b06b57e11662924ee737fd4c906-2192620315-0-imo^20	com.imo.android.imoimbeta	0.000493	1	0	0
12507	11648129-176547-0-0	iklife.ru	0.000008	1	0	0
14051	3c1012fa5deecb8a8145d87ad1b3854b-4128133518-0-Flig	382233851	0.000493	1	0	0
11777	8766-19589-0-kadikama.ru	kadikama.ru	0.000574	1	0	0
14056	0-216200-0-0	tass.ru	0.000072	1	0	0
12512	51898059-1212039-0-0	doramy.top	0.000008	2	0	0
12509	65949452-515704-0-0	teleprogramma.pro	0.000072	2	0	0
14056	0-219659-0-0	teleprogramma.pro	0.000072	3	0	0
11905	24063418-190744-0-0	vplate.ru	0.000072	1	0	0
11864	51898059-530470-0-0	gallerix.ru	0.000008	1	0	0
11868	8562776-751699-0-0	regnum.ru	0.000008	1	0	0
14051	2730780382-1430293390-0-0	ianed.ru	0.000493	1	0	0
11864	15911475-183515-0-0	meteoinfo.ru	0.000008	1	0	0
12176	18537-0	fedpress.ru	0.000493	2	0	0
11909	1913085-81261-0-0	montecarlo.ru	0.000008	1	0	0
13001	fa690b06b57e11662924ee737fd4c906-589ef1ed0a6199a4b	com.vividgames.gravity.rider.zero.bike	0.000493	2	0	0
11865	95103534-1293385-0-0	motor.ru	0.000008	2	0	0
11865	93547635-1282495-0-0	samelectrik.ru	0.000072	1	0	0
11777	15740-1622630-0-imo^20beta^20free^20calls^20and^20text	com.imo.android.imoimbeta	0.000493	1	0	0
11865	30570339-705032-0-0	www.buhsoft.ru	0.000008	1	0	0
11909	1756154-113576-0-0	m.sibkray.ru	0.000008	2	0	0
11858	94194251-1222132-0-0	loventy.ml	0.000008	1	0	0
12507	94848661-1268895-0-0	povar-ru.turbopages.org	0.000008	1	0	0
11777	15740-1799013-0-AppLock^20Pro^20-^20App^20Lock^20&^20Privacy^20G	com.ibragunduz.applockpro	0.000493	1	0	0
11905	2112549-91685-0-0	kvartira.mirtesen.ru	0.000008	1	0	0
11858	1055963-816214-0-0	spaces.im	0.000008	1	0	0
13294	18800-0	minecraft.fandom.com	0.000008	1	0	0
13251	12830-0	life.ru	0.000008	1	0	0
8869	1100048585-120549803-Gadsme-Voodoo^20-^20Draw^20Joust^20-^20	1497532365	0.000771	1	1	0
14051	4031601981-988583474-0-0	www.zaks.ru	0.000493	1	0	0
14051	2712442096-672032183-0-0	rtv.domatv.net	0.000493	2	0	0
12176	15497-0	www.kino-teatr.ru	0.000493	4	0	0
14051	fa690b06b57e11662924ee737fd4c906-325838387-0-Match	com.loop.match3d	0.000493	1	0	0
12507	3293020-129405-0-0	cosmo-ru.turbopages.org	0.000008	1	0	0
14051	2712442096-672032183-0-0	zetserial.online	0.000493	1	0	0
14051	2712442096-672032183-0-0	sp.domhelper.ru	0.000493	2	0	0
14051	2712442096-672032183-0-0	www.cb-online.ru	0.000493	5	0	0
11909	33263340-551203-0-0	infotime.co	0.000008	1	0	0
12509	3770863-111361-0-0	irkutsk.1000bankov.ru	0.000008	1	0	0
14051	2730780382-572810368-0-0	romance-club.ru	0.000493	2	0	0
12507	8562776-777206-0-0	rg.ru	0.000008	1	0	0
11777	8881-576810-0-kadikama.ru	kadikama.ru	0.000574	1	0	0
12416	0-70828066-0-0	porntop.com	0.000897	2	2	0
8623	42919-585884-0-0	free-otvet.ru	0.000413	1	0	0
11904	48821797-320410-0-0	luchegorsk.gde.ru	0.000008	1	0	0
12507	2960135-423317-0-0	konkurent.ru	0.000008	1	0	0
12507	20446927-1250367-0-0	it-doc.info	0.000008	1	0	0
12507	2745-45551-0-0	forumhouse-ru.turbopages.org	0.000008	1	0	0
13249	12517-0	www.ntv.ru	0.000008	2	0	0
12507	93868403-991120-0-0	sportkp.ru	0.000008	1	0	0
11857	36493473-331129-0-0	primpress.ru	0.000008	1	0	0
11791	8d0aaacfbe818c2738616522fb056826-e8a44c1b1fad74dec	www.myshared.ru	0.000072	1	0	0
12507	494474-102843-0-0	otzovik.com	0.000008	2	0	0
11791	65bd063b3720d703fa73072dcabb277a-9c78d4358b08e3587	zetserial.online	0.000008	1	0	0
12509	93261812-810117-0-0	doramalive.ru	0.000072	1	0	0
13001	d8f5b86ec12e9b4a418838c167d28c13-23834275cf6a3e9b0	amedia.online	0.000574	1	0	0
14051	2712442096-672032183-0-0	www.japancats.ru	0.000493	4	0	0
12507	438869-293309-0-0	arhangel.ru	0.000008	1	0	0
12509	94975327-1284554-0-0	vortexnews.ru	0.000008	1	0	0
12507	1520499-122997-0-0	www.grandars.ru	0.000008	1	0	0
9012	42919-585884-0-0	www.lentainform.com	0.000061	1	0	0
12507	24063418-190744-0-0	vplate.ru	0.000008	1	0	0
11864	6438395-142108-0-0	e.mail.ru	0.000008	17	0	0
9868	0-219659-0-0	www.hltv.org	0.000072	1	0	0
14051	3274576156-4190608258-0-0	sverhestestvennoe.vip	0.000493	1	0	0
