BidCostStat	2.5
2021-09-22
14051	2020011289-1045013894-0-0	primdou-48.ru	0.000522	0	1	0
12507	87338212-592797-0-0	pod-potol.com	0.000008	1	0	0
11864	3849096-126345-0-0	www.gorodche.ru	0.000008	1	0	0
11909	498578-284388-0-0	www.kp.ru	0.000008	1	0	0
14051	2712442096-672032183-0-0	www.loveradio.ru	0.000493	1	0	0
14051	2129643511-4263437918-0-0	beautiful.mcdir.me	0.000493	1	0	0
11864	6438395-147023-0-0	news.mail.ru	0.000008	1	0	0
12507	9597020-293514-0-0	afmen.online	0.000008	1	0	0
11857	447252-7498-0-0	www.elremont.ru	0.000008	1	0	0
12507	8381155-722011-0-0	apteka-103-by.turbopages.org	0.000008	1	0	0
14051	3493862645-3980546272-0-0	nanoreview.net	0.000493	1	0	0
13001	2225ecf60d3864c4c0d14cdfe581ba85-2225ecf60d3864c4c	hi.ru	0.000493	1	0	0
11904	41724942-336240-0-0	libking.ru	0.000008	1	0	0
14051	fa690b06b57e11662924ee737fd4c906-2218697950-0-Bubb	com.zifun.bubble	0.000493	1	0	0
11909	5092869-134625-0-0	echo.msk.ru	0.000008	2	0	0
11857	65101275-447162-0-0	www.fontanka.ru	0.000008	1	0	0
11899	15737-576542-0-studiohd.org	studiohd.org	0.000072	1	0	0
12507	40468704-753788-0-0	met-all.org	0.000008	1	0	0
14051	2712442096-672032183-0-0	www.tender.pro	0.000493	1	0	0
11868	91864171-705182-0-0	smotrim.ru	0.000008	1	0	0
10049	3938cf97ea84e2a9485f979e908bda87-be42ed724014c720b	www.yaplakal.com	0.000008	1	0	0
10009	65bd063b3720d703fa73072dcabb277a-9c78d4358b08e3587	turkcinema.org	0.000008	1	0	0
12176	15497-0	kaspyinfo.ru	0.000493	1	0	0
9864	0-216200-0-0	ren.tv	0.000072	1	0	0
11865	7975544-153745-0-0	tass.ru	0.000072	1	0	0
12507	92453275-732287-0-0	11novosti.ru	0.000008	1	0	0
12282	103240-34628e9e2593c54e253164b2e2-amedia.online-0	amedia.online	0.000475	1	0	0
9864	0-216200-0-0	www.eg.ru	0.000072	1	0	0
11909	93335226-830873-0-0	www.eg.ru	0.000072	1	0	0
12507	13987178-245081-0-0	ladystory.ru	0.000008	1	0	0
12507	9944036-272892-0-0	lediinter.net	0.000008	1	0	0
13001	d8f5b86ec12e9b4a418838c167d28c13-23834275cf6a3e9b0	imperialnews.org	0.000493	1	0	0
14051	2712442096-1110806466-0-0	onli-vk.ru	0.000493	3	0	0
12507	36882225-268047-0-0	cont.ws	0.000008	1	0	0
12507	489104-59468-0-0	irecommend.ru	0.000008	1	0	0
11909	2918101-163843-0-0	www.u-mama.ru	0.000008	1	0	0
13252	13720-0	psnprofiles.com	0.000008	1	0	0
9035	40621-491126-0-0	infokinonovinki.com	0.000007	1	0	0
12507	54464709-342612-0-0	korzik.net	0.000008	1	0	0
11858	407197-196583-0-0	www.ivd.ru	0.000008	1	0	0
11868	863030-290501-0-0	vgae.ru	0.000008	1	0	0
12509	863030-290501-0-0	vgae.ru	0.000008	2	0	0
14051	2712442096-672032183-0-0	ideal-svadba.info	0.000493	3	0	0
10209	10-844-0-0	rusvesti24.ru	0.000008	1	0	0
12507	7517911-148375-0-0	5--tv-ru.turbopages.org	0.000008	1	0	0
12507	7687782-448212-0-0	profile.ru	0.000072	1	0	0
12509	7432993-149001-0-0	kgd.ru	0.000008	1	0	0
14051	3493862645-3980546272-0-0	ad-online.lordfilms-s.biz	0.000493	1	0	0
11904	1873567-129758-0-0	mir24.tv	0.000008	1	0	0
11777	15740-c1ewstduvq-0-X2^20Blocks^20-^20Merge^20Puzzle	com.inspiredsquare.blocks	0.000493	1	0	0
11868	94504917-1247246-0-0	1plus1tv.ru	0.000072	1	0	0
12513	3293020-129405-0-0	www.cosmo.ru	0.000008	1	0	0
8623	43670-607913-0-0	www.digitalspy.com	0.000413	1	0	0
12507	78432554-544321-0-0	www.lada.kz	0.000008	1	0	0
11777	15740-uyrl7lzet7-0-CodyCross:^20Crossword^20Puzzles	com.fanatee.cody	0.000493	1	0	0
11858	40879015-269713-0-0	cenyavto.com	0.000008	1	0	0
11909	36493473-331129-0-0	primpress.ru	0.000008	1	0	0
11858	522469-74936-0-0	www.qrz.ru	0.000008	1	0	0
11909	1322075-70350-0-0	fb-ru.turbopages.org	0.000008	1	0	0
11858	93006193-993185-0-0	kalina-2.ru	0.000008	1	0	0
11909	4684670-155160-0-0	www.ogorod.ru	0.000008	1	0	0
14051	2712442096-672032183-0-0	kgbuz9.ru	0.000493	1	0	0
11904	1190468-251722-0-0	irkutsk-nedvizhimost.ru	0.000008	1	0	0
12507	1072605-202772-0-0	stroychik-ru.turbopages.org	0.000008	1	0	0
8623	43670-607913-0-0	game.gamessumo.com	0.000413	1	0	0
9868	0-219659-0-0	dead-cells.fandom.com	0.000072	1	0	0
11858	2172096-752040-0-0	calcus.ru	0.000008	1	0	0
11865	91517824-1277802-0-0	setinoid.ru	0.000008	1	0	0
14051	452201143-1006801490-0-0	polkaz.ru	0.000493	1	0	0
12507	3293020-129405-0-0	www.cosmo.ru	0.000008	2	0	0
14051	2807743741-2184324946-0-0	nbnews.com.ua	0.000493	1	0	0
11864	51898059-487857-0-0	kg-portal.ru	0.000008	2	0	0
14051	1582074554-2017759102-0-0	airekat.ru	0.000522	0	1	0
11909	65101275-577826-0-0	59.ru	0.000008	1	0	0
13252	17047-0	profile.ru	0.000072	1	0	0
11777	15740-1644631-0-Likee^20Lite^20-^20Let^20You^20Shine	video.like.lite	0.000493	2	0	0
11857	1560494-670776-0-0	mail.rambler.ru	0.000008	1	0	0
11864	532164-35333-0-0	mfd.ru	0.000008	1	0	0
11777	15740-lndypcpgzw-0-Solitaire^20Cruise:^20Classic^20Tripe	com.belkagames.solitaire	0.000493	1	0	0
11791	10-844-0-0	rusvesti24.ru	0.000072	3	0	0
12507	8381155-721605-0-0	bobsoccer.ru	0.000008	1	0	0
11858	87936520-601046-0-0	love.mail.ru	0.000008	2	0	0
14051	3829146956-817275586-0-0	1plus1tv.ru	0.000493	1	0	0
12507	4934677-185233-0-0	resforbuild.ru	0.000008	1	0	0
11909	2268602-268597-0-0	androidinsider-ru.turbopages.org	0.000008	1	0	0
11904	1124250-54642-0-0	au.ru	0.000008	2	0	0
11777	15740-1622699-0-imo^20free^20video^20calls^20and^20chat	com.imo.android.imoim	0.000493	2	0	0
11904	2239710-346458-0-0	yanashla.com	0.000008	1	0	0
11868	34382785-242460-0-0	vsn.ru	0.000008	1	0	0
12176	2505-0	www.pacogames.com	0.000617	0	1	0
11904	54770757-382916-0-0	xn----btbkutdbneel0i.xn--p1ai	0.000008	1	0	0
11857	87936520-601046-0-0	www.mamba.ru	0.000008	1	0	0
11777	15740-1892533-0-Nox^20Cleaner^20-^20Booster,^20Optimizer,^20	com.noxgroup.app.cleaner	0.000493	1	0	0
11858	31446184-704553-0-0	www.buhsoft.ru	0.000008	1	0	0
14051	174409769-1709168394-0-0	hotplayer.ru	0.000493	2	0	0
12176	8083-0	com.ibragunduz.applockpro	0.000493	3	0	0
11791	21fee56a7508a045067e16181bb7cc2c-e4a26f930c0db018d	animeonline.cc	0.000072	2	0	0
8623	43724-609637-0-0	com.ninegag.android.app	0.000617	0	1	0
8623	44026-620270-0-0	www.javainuse.com	0.000413	2	0	0
12507	93335226-830873-0-0	www.eg.ru	0.000008	1	0	0
10208	65bd063b3720d703fa73072dcabb277a-9c78d4358b08e3587	animeonline.cc	0.000008	1	0	0
8669	65bd063b3720d703fa73072dcabb277a-9c78d4358b08e3587	www.ladybre.ru	0.000008	1	0	0
11865	92147898-728452-0-0	xn--80aobuigqjq.xn--p1ai	0.000008	1	0	0
14051	2712442096-672032183-0-0	www.kdkb2.ru	0.000493	2	0	0
11791	65bd063b3720d703fa73072dcabb277a-9c78d4358b08e3587	kinotanos.xyz	0.000008	1	0	0
8623	43724-609637-0-0	birdurls.com	0.000413	1	0	0
10009	21fee56a7508a045067e16181bb7cc2c-e4a26f930c0db018d	animeonline.cc	0.000072	2	0	0
14051	2807743741-2184324946-0-0	www.tipsandtricks.ru	0.000493	1	0	0
11857	4438373-129798-0-0	xn--b1amnebsh.ru-an.info	0.000008	1	0	0
14051	3228644433-1342245803-0-0	www.tipsandtricks.ru	0.000493	3	0	0
8663	65bd063b3720d703fa73072dcabb277a-b3da82ee89b108d3a	indi1.top	0.000008	1	0	0
14051	2712442096-672032183-0-0	bugorki.xyz	0.000493	3	0	0
12507	1703357-70458-0-0	nakanune-ru.turbopages.org	0.000008	1	0	0
11865	1107365-251419-0-0	omatrasah.ru	0.000008	1	0	0
11905	46260722-286963-0-0	www.vsem-kvartira.ru	0.000008	1	0	0
11777	15740-1708038-0-Likee^20-^20Let^20You^20Shine	1251790681	0.000493	1	0	0
12509	65949452-563305-0-0	www.kp.ru	0.000008	2	0	0
11857	87936520-601046-0-0	wap.love.mail.ru	0.000008	1	0	0
14051	1263803761-1263803761-amedia.online-0	amedia.online	0.000616	0	1	0
11909	93836300-1210023-0-0	www.remotvet.ru	0.000008	1	0	0
11865	54497203-471364-0-0	autogear.ru	0.000008	1	0	0
11865	4684670-155160-0-0	www.ogorod.ru	0.000008	1	0	0
11909	88121411-603878-0-0	radarmedia.net	0.000008	1	0	0
11904	2103170-497885-0-0	dni24.com	0.000008	1	0	0
13001	ba445a848a4f48539a14d3bcb2b3ec28-958e255d322386e6b	tsargrad.tv	0.000717	0	1	0
11865	41899766-515114-0-0	novinki.pw	0.000008	1	0	0
12507	1943371-83032-0-0	psy-magic.org	0.000008	2	0	0
11904	31446184-207706-0-0	www.budgetnik.ru	0.000008	1	0	0
13251	12517-0	kto-chto-gde.ru	0.000008	1	0	0
13001	773fb19d24da143aeb02a7f746ea43db-773fb19d24da143ae	www.amic.ru	0.000617	0	2	0
11868	91478759-701203-0-0	minecraft-max.ru	0.000008	1	0	0
11858	51452342-582170-0-0	news.news-evi.net	0.000008	1	0	0
13252	15761-0	rg.ru	0.000008	1	0	0
11909	6438395-353887-0-0	otvet.mail.ru	0.000008	1	0	0
11909	57648680-392466-0-0	onrealt.ru	0.000008	1	0	0
12507	64923839-445551-0-0	rrnews-ru.turbopages.org	0.000008	1	0	0
11865	3916508-284699-0-0	igra-pasyans.ru	0.000008	1	0	0
11868	51898059-1263934-0-0	podborkino.com	0.000008	1	0	0
12507	42813817-276165-0-0	www.znak.com	0.000008	1	0	0
12509	53157057-461681-0-0	db1223.com	0.000008	1	0	0
11777	15740-1670567-0-imo^20HD-Free^20Video^20Calls^20and^20Chats	com.imo.android.imoimhd	0.000617	0	1	0
11909	33397807-230529-0-0	tsargrad.tv	0.000008	1	0	0
12176	8083-0	com.openmygame.games.android.wordsearchsea	0.000493	1	0	0
11864	6438395-152035-0-0	pogoda.mail.ru	0.000008	1	0	0
11865	92576835-1282270-0-0	znachenie-imeni.online	0.000008	3	0	0
11864	2412782-189903-0-0	www.avito.ru	0.000008	1	0	0
12507	5482593-346129-0-0	pechistroy-ru.turbopages.org	0.000008	1	0	0
11868	65101275-447165-0-0	m.love.ngs.ru	0.000008	1	0	0
11865	92442305-731887-0-0	mynewslent.com	0.000008	1	0	0
11868	91864171-708690-0-0	www.vesti.ru	0.000072	1	0	0
12509	65949452-453595-0-0	rg.ru	0.000008	3	0	0
12507	33810396-242542-0-0	vomske-ru.turbopages.org	0.000008	1	0	0
12176	18537-0	fedpress.ru	0.000493	1	0	0
11904	64173066-440960-0-0	radiokp.ru	0.000008	1	0	0
11777	15740-nvpnxdaq37-0-Farm^20Town:^20Happy^20farming^20Day^20&^20	com.foranj.farmtown	0.000493	2	0	0
11865	3281497-136716-0-0	m.sport-express.ru	0.000072	1	0	0
9866	0-219659-0-0	www.lentainform.com	0.000072	2	0	0
12509	6746465-142629-0-0	kemerovo.hh.ru	0.000008	2	0	0
14142	15737-576542-0-rbc.ru	www.rbc.ru	0.000072	1	0	0
11857	2004221-94787-0-0	berkat.ru	0.000008	1	0	0
11857	7687782-448212-0-0	profile.ru	0.000008	4	0	0
11864	18373836-576995-0-0	online.anidub.com	0.000008	2	0	0
11905	4482117-129967-0-0	aftershock.news	0.000008	2	0	0
14051	3228644433-1342245803-0-0	game.gamessumo.com	0.000493	1	0	0
12507	91864171-708690-0-0	vesti-ru.turbopages.org	0.000008	1	0	0
14051	2712442096-672032183-0-0	dropbitco.in	0.000493	2	0	0
11909	47153782-290659-0-0	expertology.ru	0.000008	1	0	0
12507	36882225-351721-0-0	irkutsk.irr.ru	0.000008	1	0	0
13001	a186cbb009abed20ab216cd69ec8a95b-5d4f1d16d7445c244	org.rastacat.neverehaveiever	0.000493	3	0	0
14051	2712442096-672032183-0-0	mobile-gadget.ru	0.000493	1	0	0
11777	15740-graf7rwxu1-0-Staff!^20-^20Job^20Game^20|^20Real^20Life^20S	com.staff.staff	0.000493	1	0	0
11868	27064358-192495-0-0	pravoved.ru	0.000008	6	0	0
12368	0-216200-0-0	www.om1.ru	0.000072	1	0	0
11865	91411553-671414-0-0	intrigue.dating	0.000072	2	0	0
9012	40621-491126-0-0	podborshtor.ru	0.000007	1	0	0
12507	91624402-735164-0-0	day.ru	0.000008	2	0	0
13001	7a3d0fac0b76dbf6dff4ae3eb0e0f2f5-7a3d0fac0b76dbf6d	amedia.online	0.000493	4	0	0
13257	6598-0	kosmetista.ru	0.000008	1	0	0
11865	93335226-830873-0-0	www.eg.ru	0.000008	5	0	0
11858	1006591-50518-0-0	www.amic.ru	0.000008	1	0	0
11909	51452342-496695-0-0	daily-inform.ru	0.000008	1	0	0
12507	10173633-462527-0-0	kak--sdelano-ru.turbopages.org	0.000008	2	0	0
14051	91793565-2169866111-0-0	tekst-pesni.online	0.000493	5	0	0
11865	33263340-241514-0-0	www.lentainform.com	0.000072	1	0	0
14051	2129643511-3315628529-0-0	detzdorov.ru	0.000653	1	1	0
13001	ba445a848a4f48539a14d3bcb2b3ec28-958e255d322386e6b	tsargrad.tv	0.000574	21	0	0
12507	1756154-113576-0-0	m.sibkray.ru	0.000008	1	0	0
11860	70390261-651845-0-0	pythononline.ru	0.000008	2	0	0
11865	8984986-451473-0-0	tehnolev.ru	0.000008	1	0	0
8623	42565-624365-0-0	aznaetelivy.ru	0.000413	1	0	0
11909	61657907-412958-0-0	www.the-village.ru	0.000008	1	0	0
12513	56953682-478194-0-0	www.inmyroom.ru	0.000008	2	0	0
11864	34351736-242216-0-0	www.khl.ru	0.000008	1	0	0
13257	6598-0	ytro.news	0.000008	1	0	0
11865	3097034-259311-0-0	kakpishem.ru	0.000008	1	0	0
13001	bbd584c292eaabaf3ba44c6cf7a32963-de7eb1f047ba52642	xn--80atdza.xn--80adxhks	0.000493	1	0	0
11777	15740-aye62bfgye-0-Clockmaker^20-^20amazing^20match^203	com.belkatechnologies.clockmaker	0.000493	1	0	0
12507	1801033-247350-0-0	mangalib.me	0.000008	1	0	0
13001	c432c10681e6e7631dd88fa1b4e5d67b-e700d661e9f81ed1a	turokser.org	0.000493	1	0	0
9866	0-216200-0-0	www.lentainform.com	0.000072	1	0	0
12507	92928962-752036-0-0	animego.org	0.000072	1	0	0
11909	43061655-276631-0-0	m.vz.ru	0.000008	1	0	0
14051	2712442096-672032183-0-0	ruspioner.ru	0.000493	5	0	0
12416	0-47200290-0-0	shemalez.tube	0.000897	1	1	1
11857	7295714-153743-0-0	russian.rt.com	0.000072	3	0	0
14051	fa690b06b57e11662924ee737fd4c906-1887377298-0-imo^20	336435697	0.000493	3	0	0
11865	91622640-844304-0-0	otdelkana5.ru	0.000008	1	0	0
12176	8083-0	com.kokteyl.mackolik	0.000493	2	0	0
11865	7920118-153116-0-0	sportgyms.ru	0.000008	1	0	0
8623	43670-607913-0-0	onedio.ru	0.000413	1	0	0
12507	18373836-575903-0-0	royallib.com	0.000008	1	0	0
14051	3493862645-3980546272-0-0	mysekret.ru	0.000493	1	0	0
13249	15672-0	iz.ru	0.000008	1	0	0
12507	48356093-295022-0-0	mr--build-ru.turbopages.org	0.000008	1	0	0
11858	448817-45172-0-0	gotovim-doma.ru	0.000008	1	0	0
11858	93335226-830873-0-0	www.eg.ru	0.000008	1	0	0
11857	41724942-336240-0-0	libking.ru	0.000008	1	0	0
9012	40621-491126-0-0	tooler.ru	0.000007	1	0	0
11857	21578748-255891-0-0	m.ideer.ru	0.000008	1	0	0
12507	48537776-547400-0-0	jut.su	0.000072	1	0	0
11865	1730802-663161-0-0	livevideos.ru	0.000008	1	0	0
14051	fa690b06b57e11662924ee737fd4c906-3092241729-0-imo^20	com.imo.android.imoimhd	0.000493	5	0	0
11904	38811450-326399-0-0	znaemdengi.ru	0.000008	1	0	0
14051	fa690b06b57e11662924ee737fd4c906-2166744073-0-Dura	ru.playvision.durak	0.000493	1	0	0
11864	91393612-1287688-0-0	lutiks.ru	0.000008	1	0	0
12509	65949452-515704-0-0	teleprogramma.pro	0.000008	3	0	0
13252	20843-0	www.mk.ru	0.000072	1	0	0
11868	8562776-753104-0-0	www.inmyroom.ru	0.000008	1	0	0
11909	32511802-224647-0-0	balkon4life.ru	0.000008	1	0	0
14051	3015701791-1563565361-0-0	spb.furla.re	0.000493	2	0	0
11857	502769-139701-0-0	vashgorod.ru	0.000008	1	0	0
11858	5905298-139817-0-0	glav.su	0.000008	1	0	0
12507	49608361-418964-0-0	1000.menu	0.000008	1	0	0
14051	2712442096-672032183-0-0	animeonline.cc	0.000493	5	0	0
11777	15740-1661930-0-Crazy^20Chef:^20Food^20Truck^20Restaurant^20	com.casualjoygames.cooking.kitchen	0.000493	1	0	0
11904	36338709-257090-0-0	proekt-sam.ru	0.000008	1	0	0
11865	92147898-844141-0-0	master-pmg.ru	0.000008	1	0	0
14051	fa690b06b57e11662924ee737fd4c906-2465437248-0-imo^20	com.imo.android.imoimbeta	0.000493	17	0	0
12507	45746419-284959-0-0	schlock.ru	0.000072	1	0	0
14051	2712442096-672032183-0-0	ruspravda.info	0.000493	2	0	0
11791	9cac61ff16df285023c6cfe9bf4c9dfe-d58c4b602a5f2f168	www.tourprom.ru	0.000072	1	0	0
11864	1124250-54642-0-0	au.ru	0.000008	1	0	0
11904	482002-502258-0-0	malyshok-m.ru	0.000008	1	0	0
12507	50264598-326188-0-0	www.radioc.ru	0.000008	1	0	0
11777	8881-576810-0-seriahd.tv	seriahd.tv	0.000574	3	0	0
11777	15740-1644011-0-imo^20free^20video^20calls^20and^20chat	com.imo.android.imoim	0.000493	34	0	0
12509	65949452-548324-0-0	mel.fm	0.000008	1	0	0
12507	70390261-594323-0-0	selfcreation.ru	0.000008	4	0	0
12176	15497-0	www.kino-teatr.ru	0.000493	2	0	0
12512	4624495-130614-0-0	www.vazhno.ru	0.000008	1	0	0
11909	90290892-647010-0-0	bipbap.ru	0.000008	2	0	0
13252	1398-0	www.avito.ru	0.000008	1	0	0
12507	31288308-214714-0-0	magya-online.ru	0.000008	3	0	0
12507	32002567-643485-0-0	desmyhome-ru.turbopages.org	0.000008	1	0	0
13001	d8f5b86ec12e9b4a418838c167d28c13-23834275cf6a3e9b0	breaking-bad-online.ru	0.000493	1	0	0
12176	8083-0	id1514542157	0.000493	1	0	0
14051	2712442096-672032183-0-0	ad-online.lordfilms-s.biz	0.000493	36	0	0
12507	54683629-344706-0-0	radiovanya.ru	0.000008	1	0	0
11857	65101275-447165-0-0	m.love.ngs.ru	0.000008	1	0	0
11777	15740-1698097-0-imo^20video^20calls^20and^20chat	336435697	0.000493	2	0	0
11868	1412746-580826-0-0	www.litmir.me	0.000008	1	0	0
11791	65bd063b3720d703fa73072dcabb277a-9c78d4358b08e3587	indi1.top	0.000008	2	0	0
11864	6438395-142108-0-0	e.mail.ru	0.000008	30	0	0
14051	2712442096-672032183-0-0	newsnews1.ml	0.000493	2	0	0
11905	503611-30324-0-0	chita.blizko.ru	0.000008	1	0	0
10209	10-844-0-0	priboynews.ru	0.000008	7	0	0
11858	369305-1038-0-0	3dnews.ru	0.000008	1	0	0
11868	18373836-585940-0-0	polomkiauto.ru	0.000008	1	0	0
11865	61326047-410657-0-0	www.zelenograd.ru	0.000008	1	0	0
12513	36472703-407939-0-0	cameralabs.org	0.000008	1	0	0
12378	41283-607164-0-0	www.mk.ru	0.000061	2	0	0
14051	2712442096-672032183-0-0	38mama.ru	0.000493	6	0	0
11777	15740-1843679-0-Hornet^20-^20Queer^20Social^20Network	com.hornet.android	0.000493	2	0	0
11777	15740-pp0zlioff8-0-Bricks^20Breaker^20Quest	com.mobirix.swipebrick2	0.000493	2	0	0
11868	6557105-513018-0-0	doc-tv.ru	0.000008	1	0	0
12176	7579-0	com.imo.android.imoimbeta	0.000493	1	0	0
11904	4752014-510922-0-0	stroyguru.com	0.000008	2	0	0
11857	7687782-448212-0-0	profile.ru	0.000072	1	0	0
12507	33530085-232061-0-0	yaroslavl.cian.ru	0.000008	1	0	0
11868	509629-29789-0-0	rg.ru	0.000008	1	0	0
12416	0-27991-0-0	sexfreepornoxxx.com	0.000493	1	0	0
13252	15297-0	vz.ru	0.000008	1	0	0
14051	2712442096-672032183-0-0	habragay.net	0.000493	1	0	0
13001	d8f5b86ec12e9b4a418838c167d28c13-a1333091188ddc011	www.9111.ru	0.000493	1	0	0
12509	65949452-989182-0-0	infourok.ru	0.000008	1	0	0
11868	3090793-147280-0-0	pravoved.ru	0.000008	5	0	0
9012	35566-569609-0-0	oko-planet.su	0.000061	2	0	0
11791	65bd063b3720d703fa73072dcabb277a-9c78d4358b08e3587	bratsk.org	0.000008	1	0	0
12507	6727102-142542-0-0	v-kosmose.com	0.000008	1	0	0
10009	10-844-0-0	rusvesti24.ru	0.000008	6	0	0
8623	43724-609637-0-0	com.ninegag.android.app	0.000413	1	0	0
12507	504193-28011-0-0	www.zr.ru	0.000008	4	0	0
11868	2412782-419507-0-0	m.avito.ru	0.000008	25	0	0
14051	2712442096-672032183-0-0	pogoda.ru	0.000493	1	0	0
11909	61657907-412960-0-0	www.wonderzine.com	0.000008	1	0	0
8623	43724-609637-0-0	sevenjournals.com	0.000413	1	0	0
12513	65101275-447180-0-0	pogoda.e1.ru	0.000008	2	0	0
11868	8984986-171723-0-0	bouw.ru	0.000008	1	0	0
12507	2412782-419507-0-0	m.avito.ru	0.000008	16	0	0
11909	8562776-751411-0-0	dni.ru	0.000008	1	0	0
11909	2412782-167916-0-0	www.domofond.ru	0.000008	1	0	0
11857	9154466-611888-0-0	abnews-ru.turbopages.org	0.000008	1	0	0
13252	14312-0	hh.ru	0.000008	1	0	0
14051	3015701791-1812902927-0-0	saratov.furla.re	0.000493	1	0	0
11865	89339234-988853-0-0	urfr.generatordiz.ru	0.000008	1	0	0
13294	6598-0	rsute.ru	0.000008	1	0	0
11777	15740-1650937-0-Likee^20Lite^20-^20Let^20You^20Shine	video.like.lite	0.000493	1	0	0
11865	54770757-382916-0-0	xn----btbkutdbneel0i.xn--p1ai	0.000008	1	0	0
12509	91864171-708690-0-0	www.vesti.ru	0.000072	2	0	0
11857	36882225-418261-0-0	auto.sakh.com	0.000008	1	0	0
12512	71813031-490450-0-0	www.gismeteo.ru	0.000008	2	0	0
12507	91235966-660718-0-0	lifehacker-ru.turbopages.org	0.000008	6	0	0
14051	d47cba98195ebfe6fb26fbe67ff7b046-3565905873-0-0	com.imo.android.imoim	0.000493	36	0	0
13292	18006-0	www.profinance.ru	0.000008	1	0	0
12176	8083-0	com.fugo.wow	0.000493	4	0	0
14051	fa690b06b57e11662924ee737fd4c906-2851514478-0-Like	video.like.lite	0.000493	3	0	0
14051	2712442096-672032183-0-0	raskras-ka.com	0.000493	3	0	0
11858	369699-7880-0-0	www.forum.tehdoc.ru	0.000008	1	0	0
11777	15740-1717820-0-Mr^20Meat:^20Horror^20Escape^20Room^20☠^20Pu	com.kalipsogames.psychopathhunt	0.000493	1	0	0
12513	92453275-732287-0-0	11novosti.ru	0.000008	1	0	0
11865	49988489-455267-0-0	wuxiaworld.ru	0.000072	1	0	0
11777	15740-62-0-0	com.imo.android.imoim	0.000493	19	0	0
11865	5878455-139705-0-0	7dach.ru	0.000072	1	0	0
11777	15740-1799013-0-AppLock^20Pro^20-^20App^20Lock^20&^20Privacy^20G	com.ibragunduz.applockpro	0.000493	2	0	0
13001	c432c10681e6e7631dd88fa1b4e5d67b-e700d661e9f81ed1a	zloekino.su	0.000493	1	0	0
11777	15740-1663803-0-Standoff^202	com.axlebolt.standoff2	0.000493	1	0	0
11868	92386429-978316-0-0	tvrf.online	0.000008	2	0	0
11858	1252977-323840-0-0	salda.ws	0.000008	1	0	0
14051	2556903250-4176228025-0-0	www.yaplakal.com	0.000493	5	0	0
11908	10980055-697626-0-0	bikepost.ru	0.000008	1	0	0
12507	91624402-825024-0-0	fedpress.ru	0.000008	1	0	0
13001	bf13a57b5b933c842544d8061a2921c7-c928742493d3874fe	amedia.online	0.000574	17	0	0
14051	2712442096-672032183-0-0	myelectronix.ru	0.000493	4	0	0
11857	51468706-330066-0-0	m.vz.ru	0.000008	1	0	0
12378	43092-604454-0-0	fallout.fandom.com	0.000061	1	0	0
11865	3161764-266724-0-0	1kyra.ru	0.000008	1	0	0
11791	10-844-0-0	otvertka.space	0.000008	2	0	0
11857	3849096-126345-0-0	www.gorodche.ru	0.000008	1	0	0
12507	54837797-587841-0-0	kopchen-ru.turbopages.org	0.000008	1	0	0
14051	2730780382-953979163-0-0	vesma.today	0.000493	1	0	0
13001	773fb19d24da143aeb02a7f746ea43db-773fb19d24da143ae	www.amic.ru	0.000493	30	0	0
11860	94793510-1275646-0-0	nadomkrat.ru	0.000008	1	0	0
11904	61554-32340-0-0	novate.ru	0.000008	1	0	0
14051	3c1012fa5deecb8a8145d87ad1b3854b-2536912275-0-Cody	com.fanatee.cody	0.000493	1	0	0
9864	0-216200-0-0	m.7days.ru	0.000072	4	0	0
12507	65101275-576079-0-0	161.ru	0.000008	1	0	0
11904	2112549-593554-0-0	sport24.ru	0.000008	1	0	0
11865	2412782-419506-0-0	www.avito.ru	0.000008	44	0	0
12507	94450274-1244462-0-0	kinobucks.ru	0.000008	5	0	0
12507	73879776-502906-0-0	womanhappiness.ru	0.000008	1	0	0
12507	1347107-597416-0-0	vantuz.guru	0.000008	1	0	0
11860	2390032-357673-0-0	www.msn.com	0.000008	1	0	0
14051	3228644433-1342245803-0-0	www.sohu.com	0.000493	2	0	0
13248	15761-0	rg.ru	0.000008	1	0	0
11909	360130-410070-0-0	jobkadrov.ru	0.000008	2	0	0
11860	5706550-281826-0-0	ren.tv	0.000072	2	0	0
12512	93836300-1210014-0-0	www.bolshoyvopros.ru	0.000008	1	0	0
11777	8881-576810-0-kadikama.ru	kadikama.ru	0.000574	3	0	0
14051	2712442096-672032183-0-0	zetserial.online	0.000493	2	0	0
12367	0-216200-0-0	www.eg.ru	0.000072	1	0	0
11864	6438395-248298-0-0	youla.ru	0.000008	2	0	0
11777	8766-19589-0-seriahd.tv	seriahd.tv	0.000574	13	0	0
11865	5092869-134625-0-0	echo.msk.ru	0.000008	1	0	0
13680	40621-605301-0-0	habragay.net	0.000007	1	0	0
11865	36984531-255942-0-0	carfrance.ru	0.000008	1	0	0
8623	43724-609637-0-0	www.adzbazar.com	0.000413	1	0	0
12507	1140611-114280-0-0	sdelaysam--svoimirukami-ru.turbopages.org	0.000008	2	0	0
13001	b626d4afa1a21568951f3449a42bea64-b626d4afa1a215689	zoj.news	0.000493	1	0	0
12512	7295714-188279-0-0	russian.rt.com	0.000008	2	0	0
11909	33253495-346047-0-0	stylelife-mebel.com	0.000008	1	0	0
13001	7a3d0fac0b76dbf6dff4ae3eb0e0f2f5-9d095588ce2f174b1	amedia.online	0.000574	3	0	0
14056	0-216200-0-0	teleprogramma.pro	0.000072	2	0	0
14051	3015701791-1966783216-0-0	samara.furla.re	0.000493	1	0	0
12176	7579-0	com.imo.android.imoim	0.000493	2	0	0
14051	3493862645-3980546272-0-0	www.yaplakal.com	0.000493	6	0	0
14051	fa690b06b57e11662924ee737fd4c906-521540804-0-imo^20f	com.imo.android.imoim	0.000493	75	0	0
14051	3702222292-3530945519-0-0	rosvestnik.ru	0.000653	1	1	0
11868	2364206-144554-0-0	m.bk55.ru	0.000008	1	0	0
11864	6557105-250544-0-0	www.interfax.ru	0.000008	1	0	0
13001	bf13a57b5b933c842544d8061a2921c7-c928742493d3874fe	amedia.online	0.000493	14	0	0
11865	94208401-1220451-0-0	jokeru.ru	0.000008	1	0	0
12803	0-222025-0-0	sunhome.ru	0.000574	1	0	0
11777	15740-1972540-0-Bubble^20Pop!^20Bubble^20Shooter^20Puzzle	com.brainfun.bubble.pop.shooter.gp	0.000493	1	0	0
12176	18537-0	-	0.000493	1	0	0
13251	4007-0	www.minecraftskins.com	0.000008	1	0	0
12176	18537-0	vesti.kz	0.000493	1	0	0
12507	45746419-284959-0-0	schlock.ru	0.000008	1	0	0
11864	18373836-455813-0-0	top-mods.ru	0.000008	4	0	0
12507	8984986-459306-0-0	vdome.club	0.000008	2	0	0
12507	75744488-670015-0-0	fpmp39.ru	0.000008	2	0	0
11909	7131413-144524-0-0	24gadget.ru	0.000008	1	0	0
12507	7687782-154016-0-0	anews.com	0.000072	1	0	0
8623	43724-609637-0-0	russianblogs.com	0.000413	1	0	0
14051	2807743741-2184324946-0-0	imgbin.com	0.000493	1	0	0
11858	33397807-230529-0-0	tsargrad.tv	0.000008	1	0	0
14051	2712442096-672032183-0-0	cars-rating.ru	0.000493	1	0	0
12507	23722537-334857-0-0	vilkin.pro	0.000008	1	0	0
12507	2750798-255180-0-0	remontcma.ru	0.000008	1	0	0
11864	61309386-410533-0-0	blog.brigada174.ru	0.000008	1	0	0
14051	3493862645-3980546272-0-0	lapkins.ru	0.000493	1	0	0
12507	8240866-155688-0-0	www.belnovosti.by	0.000008	4	0	0
9012	35566-594169-0-0	travelask.ru	0.000061	2	0	0
11864	65101275-447180-0-0	pogoda.e1.ru	0.000008	1	0	0
14051	2712442096-672032183-0-0	pejnya.net	0.000493	1	0	0
12507	775153-334670-0-0	credits.ru	0.000008	1	0	0
11858	419034-69122-0-0	autolada.ru	0.000008	1	0	0
11865	3916508-346148-0-0	pasyans.su	0.000008	1	0	0
11858	5092869-134625-0-0	echo.msk.ru	0.000008	2	0	0
14051	2712442096-672032183-0-0	nourrlture.ru	0.000493	1	0	0
11858	2412782-419506-0-0	www.avito.ru	0.000008	13	0	0
14057	44057-620855-0-0	darksouls.fandom.com	0.000072	1	0	0
12507	1859015-85398-0-0	www.sewing-master.ru	0.000008	1	0	0
11909	56663774-602227-0-0	m.7days.ru	0.000072	1	0	0
11858	1073961-59722-0-0	cmet4uk.ru	0.000008	1	0	0
11857	51526388-159406-0-0	www.stranamam.ru	0.000008	1	0	0
12507	4270835-348911-0-0	blogbaster.org	0.000008	1	0	0
11865	9444236-462529-0-0	polzavred-edi.ru	0.000008	1	0	0
14051	2712442096-672032183-0-0	prometey-ka.ru	0.000493	5	0	0
11904	67572452-463347-0-0	track24.ru	0.000008	1	0	0
12416	0-27991-0-0	-	0.000493	1	0	0
11868	897669-56459-0-0	pikabu.ru	0.000008	2	0	0
11777	15740-nbzfxsrr8q-0-Makeover^20Master:^20Happy^20Tile^20&^20H	com.digitalkingdom.makeover	0.000493	1	0	0
8623	43670-607913-0-0	www.tipsandtricks.ru	0.000413	2	0	0
12416	0-4099-0-0	-	0.000493	2	0	0
14003	15737-576542-0-1plus1tv.ru	1plus1tv.ru	0.000072	1	0	0
12507	2412782-419506-0-0	www.avito.ru	0.000008	3	0	0
11858	15911475-183515-0-0	meteoinfo.ru	0.000008	1	0	0
12416	0-4099-0-0	-	0.000617	0	1	0
11909	1504203-203305-0-0	sarnovosti.ru	0.000008	1	0	0
14051	3c1012fa5deecb8a8145d87ad1b3854b-2680728862-0-Bric	com.mobirix.swipebrick2	0.000493	1	0	0
12507	7295714-153743-0-0	russian-rt-com.turbopages.org	0.000008	1	0	0
11777	15740-1956508-0-Bad^20Boss^203D	com.bad.boss	0.000493	1	0	0
13266	1-0	kinorole.ru	0.000072	1	0	0
12176	15497-0	www.ok-magazine.ru	0.000493	2	0	0
12509	94959568-1281606-0-0	timnews.ru	0.000008	3	0	0
11865	88690383-611984-0-0	jaomix.ru	0.000008	1	0	0
11777	15740-bgasav3rqb-0-Crazy^20Chef:^20Fast^20Restaurant^20Coo	com.casualjoygames.cooking.kitchen	0.000493	1	0	0
9011	42917-615554-0-0	vdorame.ru	0.000061	1	0	0
12507	87276007-592222-0-0	www.ohotniki.ru	0.000008	1	0	0
11909	90720690-643887-0-0	mir-knig.com	0.000008	3	0	0
13001	a186cbb009abed20ab216cd69ec8a95b-17fb715f406757c36	com.future.hand	0.000493	2	0	0
12464	0-1378479716838702-0-0	mynewslent.com	0.000007	1	0	0
11777	15740-1583992-0-Perfect365:^20One-Tap^20Makeover	com.arcsoft.perfect365	0.000493	1	0	0
11860	70390261-761805-0-0	help-wifi.ru	0.000008	1	0	0
8623	42565-625951-0-0	jut-su.net	0.000413	4	0	0
12282	103240-34628e9e2593c54e253164b2e2-amedia.online-0	amedia.online	0.000553	1	0	0
11865	835165-326890-0-0	creditvsbervbanke.ru	0.000008	1	0	0
11864	6438395-152036-0-0	sportmail.ru	0.000008	1	0	0
13677	36195-472385-0-0	chel.mk.ru	0.000061	1	0	0
11868	32837946-260807-0-0	tehno-rating.ru	0.000072	1	0	0
8623	43670-607913-0-0	res-h5.dailyadvent.com	0.000413	2	0	0
14051	1263803761-1263803761-amedia.online-0	amedia.online	0.000574	4	0	0
11858	51898059-738543-0-0	amedia.online	0.000008	3	0	0
10209	10-844-0-0	rusvesti24.ru	0.000072	2	0	0
14051	1582074554-2017759102-0-0	airekat.ru	0.000493	1	0	0
11858	38782814-264671-0-0	www.zaggo.ru	0.000008	1	0	0
13001	a186cbb009abed20ab216cd69ec8a95b-ae9a732361bb1e9e4	info.boldideas.dayplan	0.000493	1	0	0
11777	15740-1805485-0-Idle^20Inn^20Empire^20Tycoon^20-^20Hotel^20Man	com.welldonegames.innempire	0.000493	1	0	0
13252	3445-0	katflys.com	0.000008	1	0	0
11791	10-844-0-0	1plus1tv.ru	0.000072	1	0	0
11777	15740-1957848-0-Ants^20.io^20-^20Multiplayer^20Game	crowd.ant.io	0.000493	1	0	0
11858	1560494-660797-0-0	mail.rambler.ru	0.000008	1	0	0
12507	1448522-80672-0-0	medside-ru.turbopages.org	0.000008	1	0	0
11777	8766-19589-0-turkseria.tv	turkseria.tv	0.000574	2	0	0
11777	8766-19589-0-mega-mult.ru	mega-mult.ru	0.000574	2	0	0
11865	54817670-382757-0-0	jokeru.ru	0.000008	1	0	0
11860	18373836-455813-0-0	top-mods.ru	0.000008	1	0	0
9869	0-219659-0-0	domsdelat.ru	0.000072	1	0	0
8623	43724-609637-0-0	moscow-airports.com	0.000413	3	0	0
14051	3829146956-817275586-0-0	ad-online.lordfilms-s.biz	0.000493	1	0	0
11904	93360914-840292-0-0	avia.pro	0.000008	1	0	0
14051	2712442096-672032183-0-0	nokod-nso.ru	0.000493	2	0	0
12507	36493473-331129-0-0	primpress.ru	0.000072	1	0	0
13001	a186cbb009abed20ab216cd69ec8a95b-b6c8a84bab50f63cc	com.didyourknow	0.000493	1	0	0
13680	35566-608608-0-0	primpress.ru	0.000061	1	0	0
11858	61323914-410639-0-0	www.km.ru	0.000008	1	0	0
12507	64173066-443007-0-0	radiokp.ru	0.000008	4	0	0
12509	65949452-515704-0-0	teleprogramma.pro	0.000072	6	0	0
14051	fa690b06b57e11662924ee737fd4c906-3018078448-0-imo^20	com.imo.android.imoim	0.000493	1	0	0
11868	66276652-466271-0-0	kredit-cmotry-tyt.ru	0.000008	1	0	0
9866	0-219659-0-0	www.kleo.ru	0.000072	1	0	0
12507	61657907-412959-0-0	www.spletnik.ru	0.000008	1	0	0
14051	fa690b06b57e11662924ee737fd4c906-3265927508-0-Catc	zahleb.me	0.000493	1	0	0
14051	2712442096-672032183-0-0	www.consultant.ru	0.000493	1	0	0
9866	0-219659-0-0	teleprogramma.pro	0.000072	1	0	0
11904	75370468-517913-0-0	rserial.com	0.000008	1	0	0
11868	93683367-979907-0-0	aktnews.ru	0.000008	1	0	0
9866	0-216200-0-0	m.7days.ru	0.000072	2	0	0
12509	92107947-714905-0-0	tolknews.ru	0.000008	2	0	0
13001	a186cbb009abed20ab216cd69ec8a95b-843a47456fc79dfeb	ru.watchmyph.analogilekarstv	0.000574	2	0	0
11909	53738407-338680-0-0	dela.ru	0.000008	1	0	0
11909	985920-49912-0-0	www.vidal.ru	0.000008	1	0	0
12507	94624243-1256505-0-0	twizz.ru	0.000008	1	0	0
9866	0-216200-0-0	doctorpiter.ru	0.000072	2	0	0
12507	91401295-670718-0-0	domovik-guru.turbopages.org	0.000008	2	0	0
13001	b856aba4ff576e7058d41803ffed55e6-b856aba4ff576e705	gdz-raketa.ru	0.000493	6	0	0
11909	1006591-50518-0-0	amic-ru.turbopages.org	0.000008	1	0	0
14051	3274576156-4190608258-0-0	sevenjournals.com	0.000493	1	0	0
12507	3977605-126662-0-0	medi.ru	0.000008	1	0	0
11909	49905584-324706-0-0	sport24.ru	0.000008	1	0	0
14051	f8ccf59730e494d0cd0e4fb5ec5ad436-3581449183-0-0	com.imo.android.imoim	0.000493	2	0	0
12176	15497-0	ctc.ru	0.000574	1	0	0
11868	1650869-235105-0-0	novayagazeta-ru.turbopages.org	0.000008	1	0	0
8623	43724-609637-0-0	www.internet-technologies.ru	0.000413	1	0	0
12507	7687782-448212-0-0	profile.ru	0.000008	9	0	0
13001	0096b26d4303e9fe33c1fb6cbd4c87d0-86db416bf870e95b7	1251790681	0.000493	1	0	0
9011	41985-624599-0-0	animeonline.cc	0.000061	1	0	0
13001	d8f5b86ec12e9b4a418838c167d28c13-23834275cf6a3e9b0	www.shlang.info	0.000493	2	0	0
11857	5092531-223754-0-0	m.ura.news	0.000008	2	0	0
9012	41316-586119-0-0	m.7days.ru	0.000061	1	0	0
14051	2712442096-672032183-0-0	edu.tgmu.ru	0.000493	1	0	0
11865	1456218-429950-0-0	botsman.org	0.000008	1	0	0
14051	3274576156-4190608258-0-0	www.tutorialspoint.com	0.000493	2	0	0
11777	15740-1645178-0-imo^20beta^20free^20calls^20and^20text	com.imo.android.imoimbeta	0.000493	15	0	0
12507	65101275-577872-0-0	74.ru	0.000008	1	0	0
11777	15740-sd6vwnahjy-0-Spin^20the^20Bottle:^20Kiss,^20Chat^20and	com.ciliz.spinthebottle	0.000493	1	0	0
11777	15740-1934392-0-Jelly^20Connect	com.blast.game.candy.candyblast	0.000493	1	0	0
14051	2807743741-2184324946-0-0	www.sohu.com	0.000493	1	0	0
12507	67632165-464019-0-0	kartaslov.ru	0.000008	1	0	0
11864	36882225-255697-0-0	www.irk.ru	0.000008	1	0	0
11865	51898059-1263934-0-0	podborkino.com	0.000008	1	0	0
9864	0-219659-0-0	animeonline.cc	0.000072	2	0	0
13001	a186cbb009abed20ab216cd69ec8a95b-524c01781a3039f5c	com.banjen.app.compliments	0.000493	1	0	0
11868	90154306-646844-0-0	expertvybor.ru	0.000008	1	0	0
11865	49988489-455267-0-0	wuxiaworld.ru	0.000008	1	0	0
11904	3129887-98590-0-0	skidka-msk.ru	0.000008	1	0	0
11777	15745-576550-0-amedia.online	amedia.online	0.000574	2	0	0
11777	15740-uvwerlmrij-0-Helicopter^20Escape^203D	com.rescue.agent	0.000493	1	0	0
13001	ba445a848a4f48539a14d3bcb2b3ec28-958e255d322386e6b	tsargrad.tv	0.000897	1	1	1
14051	2712442096-672032183-0-0	rusubtitri.ru	0.000493	6	0	0
8623	43724-609637-0-0	prekrasnaja.com	0.000413	1	0	0
11909	1250262-478106-0-0	www.restate.ru	0.000008	1	0	0
14003	15511-347486-0-teleprogramma.pro	teleprogramma.pro	0.000072	1	0	0
11865	3172146-72420-0-0	chonemuzhik.ru	0.000008	1	0	0
10009	10-844-0-0	rusvesti24.ru	0.000072	3	0	0
14051	3493862645-3980546272-0-0	context.reverso.net	0.000493	2	0	0
14051	2730780382-904561540-0-0	knigkindom.ru	0.000493	2	0	0
13001	d8f5b86ec12e9b4a418838c167d28c13-23834275cf6a3e9b0	www.consultant.ru	0.000493	1	0	0
11909	93335226-830873-0-0	www.eg.ru	0.000008	2	0	0
12509	65949452-469894-0-0	kto-chto-gde.ru	0.000008	1	0	0
11858	2568601-273648-0-0	creditorus.net	0.000008	1	0	0
11909	915412-108160-0-0	1prime.ru	0.000008	1	0	0
11909	36882225-267966-0-0	rusvesna.su	0.000008	1	0	0
12509	67632165-464019-0-0	kartaslov.ru	0.000008	2	0	0
11864	6438395-147025-0-0	my.mail.ru	0.000072	4	0	0
11857	36493473-331129-0-0	primpress.ru	0.000008	1	0	0
14051	2807743741-2184324946-0-0	vesma.today	0.000493	1	0	0
11857	32402134-217631-0-0	wooordhunt.ru	0.000008	1	0	0
13001	d8f5b86ec12e9b4a418838c167d28c13-23834275cf6a3e9b0	free-otvet.ru	0.000493	3	0	0
11858	4336102-128863-0-0	scalemodels.ru	0.000008	1	0	0
11865	91778783-709727-0-0	sadda.ru	0.000008	1	0	0
13001	d8f5b86ec12e9b4a418838c167d28c13-23834275cf6a3e9b0	animeonline.cc	0.000493	5	0	0
13255	1-0	www.tourprom.ru	0.000072	1	0	0
14051	2807743741-2184324946-0-0	knigkindom.ru	0.000493	1	0	0
8623	42565-624530-0-0	baikal24.ru	0.000413	3	0	0
11909	1718328-141569-0-0	cont.ws	0.000008	1	0	0
13251	8995-0	belforma.net	0.000008	1	0	0
12507	32657900-220340-0-0	iz-ru.turbopages.org	0.000008	1	0	0
14143	15737-576542-0-1plus1tv.ru	1plus1tv.ru	0.000072	1	0	0
11777	15739-576544-0-yaplakal.com	www.yaplakal.com	0.000493	3	0	0
14051	2712442096-672032183-0-0	www.wap.n-s-k.net	0.000493	2	0	0
14051	2712442096-672032183-0-0	free-otvet.ru	0.000493	13	0	0
12507	24063418-242868-0-0	stroy-podskazka.ru	0.000072	1	0	0
8623	42565-628796-0-0	bryansktoday.ru	0.000413	1	0	0
11905	2112549-91685-0-0	bolivar1958ds.mirtesen.ru	0.000008	1	0	0
11777	15740-ed7f202a36aede5deb912fe87fc301fc-0-0	com.imo.android.imoim	0.000493	10	0	0
11865	90507078-640047-0-0	calmins.com	0.000008	1	0	0
12507	94959568-1281606-0-0	timnews.ru	0.000008	9	0	0
11909	1322075-70350-0-0	fb.ru	0.000008	1	0	0
11864	65101275-575584-0-0	www.e1.ru	0.000008	2	0	0
11865	54817670-346980-0-0	wsesw.ru	0.000008	1	0	0
13252	14312-0	novosibirsk.hh.ru	0.000008	1	0	0
12509	65949452-542792-0-0	radiokp.ru	0.000008	3	0	0
11909	65101275-575584-0-0	www.e1.ru	0.000008	3	0	0
11865	90132625-633002-0-0	kupigrad.com	0.000008	1	0	0
9012	42919-605074-0-0	habragay.net	0.000007	1	0	0
11857	87936520-601046-0-0	love.mail.ru	0.000008	2	0	0
13001	7a3d0fac0b76dbf6dff4ae3eb0e0f2f5-7a3d0fac0b76dbf6d	amedia.online	0.000574	17	0	0
11904	10322213-277627-0-0	100realt.ru	0.000008	1	0	0
12176	18537-0	tengritravel.kz	0.000493	1	0	0
11858	49657268-323488-0-0	mastergrad.com	0.000008	1	0	0
9865	0-219659-0-0	www.sport.ru	0.000072	1	0	0
12507	51898059-382813-0-0	bigpicture.ru	0.000008	1	0	0
11791	10-844-0-0	rusvesti24.ru	0.000008	4	0	0
11858	3160678-117540-0-0	www.city-n.ru	0.000072	1	0	0
9011	40517-489803-0-0	www.yaplakal.com	0.000007	1	0	0
14051	2807743741-2184324946-0-0	ufanotes.ru	0.000493	1	0	0
11865	93335226-830873-0-0	www.eg.ru	0.000072	1	0	0
11777	15740-88242789efd9f7b640a6e004a1334dce-0-Филь	com.kinofilm.kino.film	0.000493	1	0	0
11865	2149613-708597-0-0	www.dizainvfoto.ru	0.000008	2	0	0
11860	71813031-490450-0-0	www.gismeteo.ru	0.000008	2	0	0
11905	3229392-150343-0-0	www.t24.su	0.000008	1	0	0
14051	2807743741-2184324946-0-0	monsterhunter.forum.st	0.000493	1	0	0
13001	a186cbb009abed20ab216cd69ec8a95b-9b851fe7a054d922a	com.involtapp.psyans	0.000493	1	0	0
11868	71813031-545728-0-0	www.gismeteo.ru	0.000008	4	0	0
14051	3228644433-1342245803-0-0	womensmethod.com	0.000493	1	0	0
11857	31023497-255643-0-0	zachestnyibiznes.ru	0.000008	1	0	0
14051	3015701791-1966783216-0-0	samara.furla.re	0.000522	0	1	0
12507	70390261-651845-0-0	pythononline.ru	0.000008	2	0	0
11864	6438395-147025-0-0	my.mail.ru	0.000008	1	0	0
13251	2260-0	tvtropes.org	0.000008	2	0	0
9012	41985-613149-0-0	nversia.ru	0.000061	1	0	0
12176	8083-0	com.gma.water.sort.puzzle	0.000574	1	0	0
11857	1560494-348664-0-0	lenta-ru.turbopages.org	0.000008	1	0	0
12512	91517824-1255153-0-0	certafs.cf	0.000008	2	0	0
11865	1011571-50615-0-0	argumenti.ru	0.000008	1	0	0
11857	439834-240654-0-0	xn--80ac9aeh6f.xn--p1ai	0.000008	1	0	0
14051	1254305549-3099007808-0-0	nanoreview.net	0.000493	1	0	0
14051	2712442096-672032183-0-0	espomarket.ru	0.000493	2	0	0
14051	2712442096-672032183-0-0	s-otvet.ru	0.000493	8	0	0
14051	3274576156-4190608258-0-0	www.dailymotion.com	0.000493	1	0	0
13001	c432c10681e6e7631dd88fa1b4e5d67b-e700d661e9f81ed1a	otvet.plus	0.000493	1	0	0
8623	43092-604434-0-0	9gag.com	0.000413	1	0	0
12507	1829895-443485-0-0	vashrebenok-org.turbopages.org	0.000008	1	0	0
11777	8881-576810-0-multvnix.net	multvnix.net	0.000574	2	0	0
11857	1591201-108029-0-0	fighttime.ru	0.000008	1	0	0
11864	91908013-708520-0-0	petguru.ru	0.000008	1	0	0
12176	8083-0	com.openmygame.games.android.wordsearchsea	0.000574	1	0	0
9012	36195-472385-0-0	www.mk.ru	0.000061	1	0	0
14051	3503391003-816109737-0-0	skam.online	0.000522	0	1	0
14123	16291-34558-0-0	-	0.000493	2	0	0
11858	2412782-189903-0-0	www.avito.ru	0.000008	1	0	0
11865	24142277-191235-0-0	vyatka-grad.ru	0.000008	2	0	0
8669	10-844-0-0	priboynews.ru	0.000008	8	0	0
12509	66475862-456128-0-0	bel.ru	0.000008	1	0	0
11777	8766-19589-0-kadikama.ru	kadikama.ru	0.000574	3	0	0
11865	41296583-409103-0-0	krysha-expert.ru	0.000008	1	0	0
11865	498578-26254-0-0	www.dv.kp.ru	0.000008	1	0	0
11865	4100839-54830-0-0	www.newsler.ru	0.000008	1	0	0
12507	4100839-54830-0-0	www.newsler.ru	0.000008	1	0	0
11905	503611-30324-0-0	nsk.blizko.ru	0.000008	1	0	0
14056	0-219659-0-0	teleprogramma.pro	0.000072	2	0	0
11909	6438395-353890-0-0	tv.mail.ru	0.000008	1	0	0
13001	a186cbb009abed20ab216cd69ec8a95b-5d4f1d16d7445c244	org.rastacat.neverehaveiever	0.000609	0	1	0
11777	8881-576810-0-seriahd.tv	seriahd.tv	0.000701	0	2	0
11868	2390032-356910-0-0	www.msn.com	0.000008	1	0	0
11868	35650980-513061-0-0	ktv-ray.ru	0.000008	1	0	0
10049	10-844-0-0	www.m02.clay24.ru	0.000008	1	0	0
11865	42813817-276165-0-0	www.znak.com	0.000008	2	0	0
13001	a186cbb009abed20ab216cd69ec8a95b-843a47456fc79dfeb	ru.watchmyph.analogilekarstv	0.000493	1	0	0
12513	51898059-1290934-0-0	playmaker24.ru	0.000008	1	0	0
14056	0-216200-0-0	ren.tv	0.000072	1	0	0
11909	52718071-334137-0-0	rusplt-ru.turbopages.org	0.000008	1	0	0
14051	3228644433-1342245803-0-0	monsterhunter.forum.st	0.000493	1	0	0
11865	1818286-479694-0-0	obrazovanie.guru	0.000008	1	0	0
12509	94975327-1284554-0-0	vortexnews.ru	0.000008	3	0	0
12507	92107947-714905-0-0	tolknews-ru.turbopages.org	0.000008	1	0	0
12507	2745-45551-0-0	forumhouse-ru.turbopages.org	0.000008	1	0	0
12507	87338212-592796-0-0	teplospec-com.turbopages.org	0.000008	1	0	0
13249	12517-0	www.ntv.ru	0.000008	1	0	0
12507	1113378-150232-0-0	dizain--vannoy-ru.turbopages.org	0.000008	1	0	0
12507	1650869-235105-0-0	novayagazeta-ru.turbopages.org	0.000008	1	0	0
13680	42919-605074-0-0	tooler.ru	0.000007	1	0	0
11791	817-3724-0-0	rusvesti24.ru	0.000072	1	0	0
12507	31446184-207708-0-0	www.26-2.ru	0.000008	1	0	0
12507	36882225-351721-0-0	khabarovsk.irr.ru	0.000008	1	0	0
12507	54388252-750735-0-0	pravoslavy.ru	0.000008	1	0	0
14051	2712442096-672032183-0-0	kinovoid.hd-lostfilm.site	0.000493	2	0	0
8671	10-844-0-0	rusvesti24.ru	0.000008	1	0	0
